timestamp,price_dollar,sells
1376960400000,34.709,1
1377046800000,29.99,1
1377133200000,46.02,1
1378083600000,10.313,1
1378170000000,30.774,1
1378602000000,56.499,1
1378774800000,57.05,2
1378861200000,42.412,1
1378947600000,51.717,1
1379552400000,66.009,1
1379984400000,74.678,1
1380243600000,60.709,2
1381366800000,93.92,1
1381626000000,59.8,1
1381712400000,69.99,1
1381971600000,82.704,1
1382576400000,71.19,1
1382662800000,91.887,1
1382749200000,96.64,1
1383440400000,100.846,1
1385427600000,68.32,1
1385514000000,89.99,1
1386032400000,120.254,1
1386464400000,103.495,1
1386723600000,121.099,1
1387069200000,118.552,2
1387501200000,120,1
1387933200000,123.06,1
1388019600000,126.789,1
1388624400000,109.25,1
1388797200000,117.26,1
1389056400000,115,1
1389315600000,121.01,1
1389402000000,126.5,1
1389574800000,143.75,1
1390006800000,148.901,1
1390438800000,150,1
1391475600000,112.502,2
1391562000000,107.547,1
1391648400000,104.201,1
1391994000000,110.341,1
1392080400000,110.325,1
1392166800000,115.244,2
1392253200000,108.44,1
1392339600000,131.1,1
1392771600000,118.161,1
1392944400000,107.557,2
1393117200000,110.344,1
1393203600000,106.913,1
1393290000000,104.15,5
1393376400000,96.845,3
1393462800000,105.982,2
1393549200000,109.734,1
1393635600000,109.059,2
1393722000000,111.685,2
1393808400000,112.798,3
1393894800000,116.297,1
1393981200000,117.617,1
1394154000000,105.202,1
1394240400000,114.998,1
1394326800000,124.71,1
1394413200000,115.95,2
1394499600000,126.27,1
1394586000000,111.174,2
1394672400000,109.91,2
1394758800000,117.829,3
1394845200000,115.013,3
1394931600000,123.7,1
1395018000000,95.676,1
1395104400000,93.08,1
1395277200000,102.453,2
1395363600000,124.577,2
1395536400000,96.708,2
1395622800000,113.984,1
1395709200000,123.941,1
1395882000000,120.75,1
1396054800000,122.478,3
1396400400000,2.08,1
1396832400000,126.236,1
1396918800000,96.049,1
1397005200000,120.164,5
1397178000000,125.43,1
1397264400000,133.17,2
1397350800000,128.65,1
1397523600000,130,1
1397696400000,130.65,3
1397869200000,125.614,3
1397955600000,124.991,2
1398042000000,117.234,1
1398214800000,120.975,1
1398301200000,121.046,3
1398387600000,125.773,2
1398474000000,126.951,2
1398560400000,102.287,4
1398646800000,124.76,2
1398733200000,110.999,5
1398819600000,123.272,3
1398992400000,125.326,3
1399078800000,120.609,2
1399165200000,111.838,1
1399251600000,111.15,1
1399338000000,119.306,2
1399424400000,118.31,1
1399510800000,115.388,5
1399597200000,111.96,3
1399683600000,111.075,3
1399770000000,115.21,3
1399856400000,96.41,1
1399942800000,103.694,1
1400029200000,112.141,2
1400115600000,117.353,1
1400202000000,114.645,1
1400288400000,114.893,1
1400374800000,111.305,4
1400461200000,94.511,1
1400806800000,113.238,3
1400893200000,116.503,3
1400979600000,108.907,1
1401066000000,107.604,5
1401152400000,106.184,1
1401325200000,70.299,1
1401411600000,110.572,3
1401498000000,98.217,3
1401584400000,109.256,1
1401670800000,109.443,1
1401757200000,111.79,1
1401843600000,108,1
1401930000000,95.24,1
1402016400000,101.386,4
1402102800000,104.635,3
1402189200000,95.252,2
1402275600000,85.738,1
1402362000000,89.718,3
1402448400000,105.548,2
1402534800000,94.16,2
1402621200000,99.906,1
1402707600000,103.804,5
1402794000000,107.05,3
1403053200000,95.578,4
1403139600000,82.093,4
1403226000000,101.198,1
1403312400000,100.953,3
1403398800000,97.926,3
1403485200000,103.941,2
1403658000000,94.77,3
1403744400000,97.566,3
1403830800000,101.686,2
1404003600000,101.591,4
1404090000000,94.179,4
1404176400000,94.839,4
1404262800000,94.299,3
1404435600000,100.852,4
1404522000000,96.951,2
1404608400000,97.887,1
1404694800000,98.028,8
1404781200000,95.232,3
1404954000000,103.433,3
1405040400000,97.702,3
1405126800000,98.637,2
1405213200000,103.144,2
1405299600000,97.986,4
1405386000000,99.234,3
1405472400000,110.124,4
1405558800000,101.875,4
1405645200000,108.214,2
1405731600000,103.024,4
1405818000000,108.51,1
1405904400000,110.043,3
1405990800000,122.67,1
1406077200000,103.343,3
1406163600000,110.01,1
1406250000000,103.374,3
1406422800000,101.442,2
1406509200000,106.638,5
1406595600000,107.906,4
1406682000000,111.135,1
1406768400000,107.779,3
1406854800000,106.939,2
1406941200000,102.61,3
1407027600000,116.51,2
1407114000000,113.981,1
1407200400000,106.323,3
1407286800000,112.562,6
1407459600000,118.033,4
1407546000000,120.372,1
1407632400000,97.033,2
1407718800000,100.149,1
1407805200000,105.075,2
1407891600000,102.498,5
1407978000000,104.305,3
1408064400000,115.232,1
1408150800000,106.343,4
1408237200000,104.948,4
1408323600000,113.655,2
1408410000000,116.143,3
1408496400000,111.385,3
1408582800000,105.478,8
1408669200000,102.239,2
1408755600000,106.693,4
1408842000000,101.428,5
1408928400000,105.048,6
1409014800000,107.853,4
1409101200000,105.336,6
1409187600000,108.645,4
1409274000000,112.172,5
1409360400000,100,1
1409446800000,110.983,3
1409533200000,110.133,8
1409619600000,110.498,2
1409706000000,112.304,5
1409792400000,103.305,5
1409878800000,108.245,4
1409965200000,113.835,2
1410051600000,106.51,3
1410138000000,115.177,2
1410224400000,102.564,6
1410310800000,115.633,2
1410397200000,112.093,4
1410483600000,99.668,4
1410570000000,99.407,3
1410656400000,90.796,2
1410742800000,95.842,3
1410829200000,99.473,3
1410915600000,100.888,3
1411002000000,109.349,4
1411088400000,103.207,6
1411174800000,105.722,6
1411261200000,102.649,7
1411347600000,99.651,3
1411434000000,113.114,2
1411520400000,99.492,3
1411606800000,99.566,3
1411693200000,106.832,4
1411779600000,87.758,2
1411866000000,104.056,3
1411952400000,107.031,4
1412038800000,103.27,2
1412125200000,106.96,2
1412211600000,101.944,4
1412298000000,108.558,4
1412384400000,104.481,1
1412470800000,93.372,4
1412557200000,102.11,2
1412643600000,85.49,3
1412730000000,101.486,4
1412902800000,97.61,3
1412989200000,100.748,4
1413075600000,97.574,4
1413162000000,87.5,2
1413248400000,96.059,4
1413334800000,96.446,3
1413421200000,95.079,3
1413507600000,98.391,3
1413594000000,93.284,5
1413680400000,94.636,4
1413766800000,81.273,3
1413853200000,93.255,2
1413939600000,97.714,2
1414026000000,94.378,4
1414112400000,100.132,2
1414198800000,96.736,4
1414285200000,66.14,3
1414371600000,99.849,2
1414458000000,95.532,1
1414544400000,97.896,4
1414630800000,97.859,3
1414717200000,96.784,1
1414803600000,85.22,5
1414890000000,95.669,4
1414976400000,76.51,3
1415062800000,94.734,1
1415149200000,92.694,3
1415322000000,81.716,3
1415408400000,86.089,2
1415494800000,77.117,7
1415581200000,67.665,8
1415667600000,86.376,2
1415754000000,80.874,6
1415840400000,79.664,4
1416013200000,80.978,6
1416099600000,80.205,5
1416186000000,77.333,5
1416272400000,70.614,5
1416358800000,71.981,8
1416445200000,77.675,4
1416531600000,78.015,2
1416618000000,77.448,3
1416704400000,80.719,4
1416790800000,68.26,2
1416877200000,70.104,5
1416963600000,71.361,9
1417050000000,72.953,4
1417136400000,74.973,5
1417309200000,64.558,7
1417395600000,77.598,7
1417482000000,79.219,5
1417568400000,74.829,1
1417654800000,75.31,7
1417741200000,75.661,8
1417827600000,80.711,5
1417914000000,82.956,7
1418000400000,81.053,4
1418086800000,82.591,5
1418173200000,87.367,6
1418259600000,86.725,5
1418346000000,87.967,4
1418432400000,81.586,9
1418518800000,77.436,8
1418605200000,76.772,8
1418691600000,79.388,5
1418778000000,83.95,4
1418864400000,73.9,8
1418950800000,80.571,6
1419037200000,82.154,9
1419123600000,87.493,5
1419210000000,86.574,5
1419296400000,79.587,6
1419382800000,83.365,10
1419469200000,92.23,14
1419555600000,105.462,3
1419642000000,97.688,11
1419728400000,100.579,3
1419814800000,94.735,14
1419901200000,102.619,10
1419987600000,103.578,3
1420074000000,95.644,1
1420160400000,92.504,10
1420246800000,94.108,8
1420333200000,93.342,5
1420419600000,98.71,4
1420506000000,97.275,5
1420592400000,99.449,4
1420678800000,95.655,6
1420765200000,94.871,5
1420851600000,90.594,8
1420938000000,89.329,5
1421024400000,87.679,4
1421110800000,90.701,8
1421197200000,99.088,8
1421283600000,92.331,5
1421370000000,88.542,5
1421456400000,92.312,7
1421542800000,85.799,5
1421629200000,80.309,5
1421715600000,79.036,3
1421802000000,83.758,8
1421888400000,80.39,5
1421974800000,81.059,4
1422061200000,84.738,3
1422147600000,88.903,4
1422234000000,83.056,5
1422320400000,82.59,9
1422406800000,83.234,10
1422493200000,84.32,5
1422579600000,81.932,6
1422666000000,80.231,6
1422752400000,85.737,8
1422838800000,88.934,6
1422925200000,80.796,6
1423011600000,83.122,4
1423098000000,81.08,6
1423184400000,84.795,6
1423270800000,82.797,11
1423357200000,78.89,6
1423443600000,82.717,9
1423530000000,87.201,2
1423616400000,85.09,4
1423702800000,82.979,6
1423789200000,84.67,4
1423875600000,84.212,5
1423962000000,80.68,5
1424048400000,83.016,4
1424134800000,89.687,3
1424221200000,85.754,2
1424307600000,79.94,9
1424394000000,77.486,9
1424480400000,81.813,10
1424566800000,88.408,5
1424653200000,83.309,4
1424739600000,83.279,2
1424826000000,84.524,6
1424912400000,84.732,4
1424998800000,84.269,12
1425085200000,83.376,6
1425171600000,87.635,8
1425258000000,86.315,9
1425430800000,83.91,4
1425517200000,84.591,3
1425603600000,80.63,12
1425690000000,80.585,9
1425776400000,80.555,8
1425862800000,81.996,3
1425949200000,76.883,7
1426035600000,79.721,2
1426122000000,73.382,10
1426208400000,75.38,10
1426294800000,79.868,10
1426381200000,82.577,5
1426467600000,82.169,4
1426554000000,84.351,7
1426640400000,77.905,5
1426726800000,83.59,5
1426813200000,83.078,6
1426899600000,86.062,7
1426986000000,83.329,8
1427072400000,84.217,3
1427158800000,81.793,5
1427245200000,81.484,5
1427331600000,79.007,9
1427418000000,82.828,8
1427504400000,83.665,8
1427590800000,77.553,6
1427677200000,83.739,11
1427763600000,84.856,6
1427850000000,85.881,7
1427936400000,85.761,9
1428022800000,85.733,6
1428109200000,83.456,5
1428195600000,84.472,11
1428282000000,90.79,6
1428368400000,81.461,7
1428454800000,83.346,9
1428541200000,84.499,2
1428627600000,81.827,6
1428714000000,76.489,11
1428800400000,79.568,10
1428886800000,79.655,7
1428973200000,72.75,6
1429059600000,70.002,13
1429146000000,72.056,6
1429232400000,65.098,13
1429318800000,70.366,6
1429405200000,71.623,10
1429491600000,64.559,7
1429578000000,64.956,14
1429664400000,67.774,7
1429750800000,70.406,7
1429837200000,70.182,13
1429923600000,78.754,7
1430010000000,74.885,5
1430096400000,77.67,6
1430182800000,75.138,6
1430269200000,75.411,8
1430355600000,79.178,7
1430442000000,55.884,14
1430528400000,76.874,7
1430614800000,76.936,8
1430701200000,73.107,6
1430787600000,74.629,14
1430874000000,77.932,9
1430960400000,81.153,4
1431046800000,73.649,11
1431133200000,74.415,8
1431219600000,79.192,11
1431306000000,77.983,7
1431392400000,79.865,9
1431478800000,83.219,8
1431565200000,80.089,5
1431651600000,78.883,10
1431738000000,80.951,14
1431824400000,77.528,5
1431910800000,77.128,7
1431997200000,75.282,8
1432083600000,80.217,5
1432170000000,76.699,5
1432256400000,76.499,13
1432342800000,78.133,8
1432429200000,73.962,13
1432515600000,75.895,7
1432602000000,77.654,11
1432688400000,73.064,10
1432774800000,73.822,8
1432861200000,71.697,12
1432947600000,79.513,12
1433034000000,80.106,12
1433120400000,79.614,9
1433206800000,76.402,6
1433293200000,77.616,11
1433379600000,75.623,7
1433466000000,76.214,10
1433552400000,75.26,13
1433638800000,78.15,10
1433725200000,74.655,9
1433811600000,76.317,9
1433898000000,76.786,13
1433984400000,76.302,10
1434070800000,77.859,13
1434157200000,81.563,9
1434243600000,74.207,3
1434330000000,74.031,10
1434416400000,72.283,10
1434502800000,71.663,13
1434589200000,77.495,9
1434675600000,76.9,16
1434762000000,76.69,12
1434848400000,72.015,7
1434934800000,75.036,8
1435021200000,75.612,8
1435107600000,77.36,8
1435194000000,88.33,3
1435280400000,81.18,4
1435366800000,81.163,5
1435453200000,80.549,7
1435539600000,82.27,13
1435626000000,76.746,6
1435712400000,75.972,7
1435798800000,83.1,8
1435885200000,78.22,5
1435971600000,83.329,11
1436058000000,92.694,3
1436144400000,74.748,10
1436230800000,81.767,12
1436317200000,84.214,5
1436403600000,81.056,8
1436490000000,81.665,6
1436576400000,80.814,5
1436662800000,82.896,9
1436749200000,83.626,11
1436835600000,82.383,9
1436922000000,79.101,8
1437008400000,81.842,7
1437094800000,80.16,11
1437181200000,76.416,7
1437267600000,81.7,9
1437354000000,79.763,10
1437440400000,87.216,7
1437526800000,88.218,3
1437613200000,80.848,11
1437699600000,84.529,9
1437786000000,85.625,8
1437872400000,81.31,10
1437958800000,82.092,11
1438045200000,86.009,6
1438131600000,86.557,4
1438218000000,83.986,11
1438304400000,90.51,8
1438390800000,89.907,5
1438477200000,83.311,12
1438563600000,85.569,5
1438650000000,87.061,7
1438736400000,80.782,15
1438822800000,87.391,7
1438909200000,83.912,5
1438995600000,86.63,4
1439082000000,88.116,7
1439168400000,81.854,12
1439254800000,81.942,4
1439341200000,84.025,9
1439427600000,83.859,5
1439514000000,85.81,6
1439600400000,77.388,8
1439686800000,81.312,6
1439773200000,85.072,6
1439859600000,79.988,11
1439946000000,72.391,2
1440032400000,77.661,11
1440118800000,77.917,12
1440205200000,81.576,5
1440291600000,75.918,10
1440378000000,80.744,8
1440464400000,81.839,10
1440550800000,83.9,6
1440637200000,80.184,17
1440723600000,82.445,5
1440810000000,84.355,14
1440896400000,87.528,6
1440982800000,88.107,12
1441069200000,86.702,9
1441155600000,84.761,4
1441242000000,91.585,9
1441328400000,88.558,11
1441414800000,90.603,8
1441501200000,87.875,7
1441587600000,84.781,16
1441674000000,90.559,6
1441760400000,85.466,3
1441846800000,87.674,6
1441933200000,89.951,8
1442019600000,92.829,10
1442106000000,101.698,5
1442192400000,96.739,5
1442278800000,89.363,7
1442365200000,90.367,6
1442451600000,88.471,12
1442538000000,86.474,9
1442624400000,83.348,12
1442710800000,89.265,6
1442797200000,86.852,10
1442883600000,89.417,13
1442970000000,88.821,8
1443056400000,84.15,7
1443142800000,86.195,5
1443229200000,88.049,9
1443315600000,91.048,6
1443402000000,91.441,9
1443488400000,91.005,7
1443574800000,91.23,8
1443661200000,91.524,7
1443747600000,93.102,8
1443834000000,97.828,10
1443920400000,97.689,3
1444006800000,90.906,6
1444093200000,85.529,9
1444179600000,105.773,7
1444266000000,90.954,5
1444352400000,90.353,4
1444438800000,91.838,10
1444525200000,92.935,9
1444611600000,90.323,5
1444698000000,94.165,6
1444784400000,93.878,6
1444870800000,94.168,3
1444957200000,85.523,6
1445043600000,90.866,7
1445130000000,91.536,9
1445216400000,97.957,3
1445302800000,89.964,6
1445389200000,91.045,8
1445475600000,88.497,3
1445562000000,90.206,3
1445648400000,89.527,10
1445734800000,84.629,9
1445821200000,86.798,4
1445907600000,84.238,9
1445994000000,85.117,5
1446080400000,89.832,5
1446166800000,91.533,5
1446253200000,87.925,9
1446339600000,92,6
1446426000000,89.784,6
1446512400000,87.767,8
1446598800000,91.254,6
1446685200000,85.919,8
1446771600000,84.832,5
1446858000000,81.484,9
1446944400000,81.411,6
1447030800000,86.123,10
1447117200000,81.543,6
1447203600000,71.731,13
1447290000000,81.542,7
1447376400000,81.669,5
1447462800000,78.576,9
1447549200000,72.239,5
1447635600000,83.689,6
1447722000000,81.149,7
1447808400000,83.071,6
1447894800000,82.443,5
1447981200000,81.831,4
1448067600000,85.418,8
1448154000000,84.927,3
1448240400000,82.62,5
1448326800000,86.432,2
1448413200000,86.494,8
1448499600000,83.062,2
1448586000000,81.26,5
1448672400000,81.3,4
1448758800000,75.524,10
1448845200000,80.026,6
1448931600000,78.859,4
1449018000000,82.595,11
1449104400000,84.774,5
1449190800000,82.756,7
1449277200000,89.569,7
1449363600000,88.582,8
1449450000000,91.813,3
1449536400000,87.113,2
1449622800000,85.176,3
1449709200000,85.525,8
1449795600000,86.483,2
1449882000000,86.168,6
1449968400000,84.591,7
1450054800000,84.849,6
1450141200000,88.377,4
1450227600000,87.092,7
1450314000000,88.184,5
1450400400000,86.411,8
1450486800000,86.651,3
1450573200000,83.216,5
1450659600000,82.34,10
1450746000000,78.736,5
1450832400000,77.381,10
1450918800000,75.345,16
1451005200000,90.579,22
1451091600000,93.471,13
1451178000000,94.147,8
1451264400000,87.994,16
1451350800000,87.533,15
1451437200000,88.785,15
1451523600000,88.485,9
1451610000000,94.096,4
1451696400000,90.13,11
1451782800000,85.04,8
1451869200000,83.149,5
1451955600000,81.844,11
1452042000000,83.832,8
1452128400000,81.115,7
1452214800000,86.806,8
1452301200000,88.78,8
1452387600000,84.504,5
1452474000000,87.106,6
1452560400000,90.626,5
1452646800000,87.722,7
1452733200000,85.591,6
1452819600000,88.354,6
1452906000000,83.501,13
1452992400000,82.638,7
1453078800000,86.372,11
1453165200000,88.165,5
1453251600000,88.961,3
1453338000000,87.394,6
1453424400000,88.385,3
1453510800000,84.673,9
1453597200000,91.183,3
1453683600000,88.446,5
1453770000000,89.551,7
1453856400000,84.052,4
1453942800000,77.446,7
1454029200000,82.193,5
1454115600000,90.99,3
1454202000000,81.639,4
1454288400000,83.73,8
1454374800000,89.752,8
1454461200000,81.822,7
1454547600000,85.734,7
1454634000000,89.505,3
1454720400000,80.274,8
1454806800000,80.05,7
1454893200000,86.095,4
1454979600000,82.312,8
1455066000000,85.142,5
1455152400000,85.967,2
1455238800000,76.97,10
1455325200000,78.653,13
1455411600000,78.372,12
1455498000000,81.112,6
1455584400000,87.741,3
1455670800000,90,1
1455757200000,73.13,4
1455843600000,74.956,7
1455930000000,76.166,11
1456016400000,78.314,9
1456102800000,76.084,13
1456189200000,84.59,10
1456275600000,75.506,10
1456362000000,80.896,6
1456448400000,81.556,11
1456534800000,86.986,4
1456621200000,83.725,8
1456707600000,75.207,5
1456794000000,79.095,11
1456880400000,80.935,7
1456966800000,83.782,6
1457053200000,83.715,11
1457139600000,82.228,12
1457226000000,86.503,8
1457312400000,78.519,9
1457398800000,77.5,6
1457485200000,80.175,9
1457571600000,83.032,6
1457658000000,80.513,12
1457744400000,87.763,7
1457830800000,88.007,1
1457917200000,87.381,10
1458003600000,91.666,5
1458090000000,84.462,1
1458176400000,87.201,8
1458262800000,91.509,5
1458349200000,89.09,6
1458435600000,84.673,6
1458522000000,94.615,7
1458608400000,86.288,6
1458694800000,95.666,3
1458781200000,86.31,4
1458867600000,96.417,5
1458954000000,90.387,8
1459040400000,87.55,7
1459126800000,86.762,6
1459213200000,95.179,6
1459299600000,100,1
1459386000000,93.665,4
1459472400000,97.89,5
1459558800000,102.149,5
1459645200000,99.325,4
1459731600000,96.426,6
1459818000000,95.686,9
1459904400000,101.537,6
1459990800000,110.915,2
1460077200000,97.392,8
1460163600000,106.785,6
1460250000000,93.363,5
1460336400000,97.503,5
1460422800000,97.608,3
1460509200000,103.996,1
1460595600000,93.101,3
1460682000000,93.772,6
1460768400000,98.662,6
1460854800000,99.279,5
1460941200000,101.285,6
1461027600000,95.293,5
1461114000000,92.886,5
1461200400000,95,10
1461286800000,103.61,9
1461373200000,101.573,3
1461459600000,100.753,7
1461546000000,101.115,2
1461632400000,103.931,4
1461718800000,104.518,3
1461805200000,103.149,5
1461891600000,97.115,7
1461978000000,99.815,7
1462064400000,101.098,8
1462150800000,101.754,3
1462237200000,103.07,7
1462323600000,102.324,8
1462410000000,98.792,4
1462496400000,101.918,7
1462582800000,96.018,4
1462669200000,104.679,4
1462755600000,105.281,5
1462842000000,111.503,1
1462928400000,101.697,5
1463014800000,107.995,2
1463101200000,99.57,7
1463187600000,95.984,7
1463274000000,101.797,4
1463360400000,103.646,2
1463446800000,91.7,5
1463533200000,96.924,3
1463619600000,95.48,2
1463706000000,92.284,4
1463792400000,92.386,3
1463878800000,93.084,6
1463965200000,97.257,2
1464051600000,84.955,2
1464138000000,92.151,5
1464224400000,98.59,1
1464310800000,92.441,4
1464397200000,89.729,5
1464483600000,92.037,4
1464570000000,83.207,5
1464656400000,94.087,5
1464742800000,86.321,4
1464829200000,88.466,5
1464915600000,84.885,7
1465002000000,77.425,11
1465088400000,93.73,3
1465174800000,84.038,4
1465261200000,90.497,4
1465347600000,81.855,3
1465434000000,91.194,3
1465520400000,91.631,7
1465606800000,90.954,1
1465693200000,83.68,3
1465779600000,88.975,5
1465866000000,86.366,5
1465952400000,83.742,4
1466038800000,88.365,1
1466125200000,75.733,7
1466211600000,82.637,7
1466298000000,84.541,7
1466384400000,84.811,6
1466470800000,80.733,5
1466557200000,83.761,4
1466643600000,72.472,4
1466730000000,76.801,6
1466816400000,80.915,6
1466989200000,75.649,9
1467075600000,69.865,11
1467162000000,75.338,5
1467248400000,71.301,7
1467334800000,71.292,6
1467421200000,72.548,3
1467507600000,67.204,8
1467594000000,70.248,7
1467680400000,78.554,5
1467766800000,78.165,8
1467853200000,81.666,2
1467939600000,76.321,5
1468026000000,78.894,7
1468112400000,77.929,6
1468198800000,78.845,8
1468285200000,84.419,5
1468371600000,80.202,4
1468458000000,84.14,3
1468544400000,77.473,4
1468630800000,72.15,4
1468717200000,73.526,4
1468803600000,77.629,5
1468890000000,79.353,4
1468976400000,73.332,6
1469062800000,73.087,6
1469149200000,73.007,6
1469235600000,74.958,6
1469322000000,75.045,6
1469408400000,79.135,3
1469494800000,76.49,6
1469581200000,71.337,7
1469667600000,72.867,5
1469754000000,82.578,2
1469840400000,74.357,3
1469926800000,71.146,2
1470013200000,70.749,5
1470099600000,72.018,7
1470186000000,72.979,5
1470272400000,72.735,6
1470358800000,67.121,5
1470445200000,74.709,6
1470531600000,72.839,4
1470618000000,68.832,5
1470704400000,73.029,5
1470790800000,70.146,5
1470877200000,67.838,4
1470963600000,73.807,4
1471050000000,71.728,7
1471136400000,66.269,10
1471222800000,76.981,6
1471309200000,69.994,1
1471395600000,75.287,4
1471482000000,76.74,2
1471568400000,59.647,3
1471654800000,67.106,6
1471741200000,70.148,3
1471827600000,65.856,11
1471914000000,63.745,4
1472000400000,62.769,7
1472086800000,64.245,4
1472173200000,62.717,11
1472259600000,66.897,10
1472346000000,73.278,5
1472432400000,72.918,3
1472518800000,66.028,7
1472605200000,67.711,9
1472691600000,74.437,2
1472778000000,67.27,8
1472864400000,63.82,4
1472950800000,63.637,9
1473037200000,68.166,7
1473123600000,68.78,3
1473210000000,71.08,5
1473296400000,68.985,4
1473382800000,66.051,3
1473469200000,67.24,5
1473555600000,68.462,10
1473642000000,69.051,2
1473728400000,73.899,2
1473814800000,71.776,7
1473901200000,70.967,4
1473987600000,74.444,6
1474074000000,73.816,3
1474160400000,69.16,7
1474246800000,76.118,6
1474419600000,73.528,3
1474506000000,71.198,6
1474592400000,63.847,5
1474678800000,71.043,5
1474765200000,69.474,8
1474851600000,70.499,3
1474938000000,68.784,5
1475024400000,72.501,5
1475110800000,71.564,7
1475197200000,77.538,8
1475283600000,71.403,3
1475370000000,75.387,6
1475456400000,75.74,3
1475542800000,68.988,6
1475629200000,70.889,3
1475715600000,70.604,3
1475802000000,74.486,6
1475888400000,67.84,7
1475974800000,72.066,5
1476061200000,74.261,3
1476147600000,60,1
1476234000000,70.993,6
1476320400000,72.787,2
1476406800000,78.219,2
1476493200000,75.877,1
1476579600000,63.78,1
1476666000000,74.328,2
1476752400000,65.157,1
1476838800000,73.442,2
1476925200000,77.863,2
1477011600000,73.471,3
1477098000000,69.126,6
1477184400000,74.352,2
1477357200000,70.372,4
1477443600000,69.51,1
1477530000000,59.165,1
1477616400000,64.825,4
1477702800000,67.229,6
1477789200000,63.897,3
1477875600000,69.946,1
1477962000000,69.021,3
1478048400000,69.901,3
1478134800000,70.997,2
1478221200000,71.623,3
1478307600000,66.953,4
1478394000000,68.278,7
1478480400000,73.306,2
1478566800000,68.292,2
1478653200000,71.156,2
1478739600000,71.097,5
1478826000000,67.519,7
1478912400000,69.044,4
1478998800000,73.68,4
1479085200000,74.994,3
1479171600000,74.956,4
1479258000000,74.995,3
1479344400000,70.137,4
1479430800000,71.425,3
1479517200000,69.503,2
1479603600000,64.983,4
1479690000000,62.078,3
1479776400000,69.036,4
1479862800000,70.942,4
1479949200000,71.677,4
1480122000000,66.931,3
1480208400000,66.819,3
1480294800000,69,1
1480381200000,65.61,3
1480467600000,65.504,2
1480554000000,67.24,2
1480640400000,64.554,11
1480726800000,61.775,2
1480813200000,59.664,2
1480899600000,68.381,3
1480986000000,64.527,2
1481072400000,69.851,1
1481158800000,70.423,4
1481245200000,72.056,4
1481331600000,63.291,2
1481418000000,72.423,5
1481504400000,70.876,7
1481590800000,74.134,3
1481677200000,76.424,1
1481763600000,74.066,3
1481850000000,75.378,3
1481936400000,74.931,2
1482022800000,69.314,4
1482109200000,66.431,6
1482195600000,75.007,1
1482282000000,69.179,6
1482368400000,74.603,3
1482454800000,70.533,3
1482541200000,71.296,7
1482627600000,77.093,8
1482714000000,79.364,9
1482800400000,78.841,3
1482886800000,82.91,6
1482973200000,81.001,3
1483059600000,84.874,5
1483146000000,81.301,3
1483232400000,86.737,3
1483318800000,78.833,8
1483405200000,82.086,4
1483491600000,77.387,3
1483578000000,89.23,7
1483664400000,81.361,3
1483750800000,84.867,1
1483837200000,101.144,1
1483923600000,88.947,3
1484010000000,79.239,3
1484096400000,85.899,3
1484182800000,89.517,4
1484269200000,88.671,6
1484355600000,91.876,2
1484442000000,90.586,3
1484528400000,85.597,4
1484614800000,82.962,4
1484701200000,84.757,3
1484787600000,84.349,3
1484874000000,82.814,5
1484960400000,82.621,4
1485046800000,83.172,9
1485133200000,85.64,4
1485219600000,87.15,3
1485306000000,83.332,7
1485392400000,85.195,5
1485478800000,86.842,6
1485565200000,92.919,3
1485651600000,93.912,2
1485738000000,91.33,2
1485824400000,88.733,4
1485910800000,89.129,8
1485997200000,87.411,6
1486083600000,92.698,4
1486170000000,91.485,5
1486256400000,90.111,4
1486342800000,88.163,3
1486429200000,87.885,2
1486515600000,90.698,4
1486602000000,90.304,5
1486688400000,90.017,4
1486774800000,96.777,2
1486861200000,87.006,5
1486947600000,93.953,5
1487034000000,96.907,4
1487120400000,92.919,4
1487206800000,93.467,2
1487293200000,94.437,4
1487379600000,91.232,3
1487466000000,100.419,2
1487552400000,97.241,2
1487638800000,93.495,5
1487725200000,90.569,3
1487811600000,94.918,4
1487898000000,95.715,2
1487984400000,95.32,3
1488070800000,94.662,2
1488157200000,96.991,1
1488243600000,99.956,2
1488416400000,84.295,2
1488502800000,98.564,2
1488589200000,99.107,6
1488675600000,101.562,5
1488762000000,98.487,3
1488848400000,102.005,1
1488934800000,96.215,5
1489107600000,99.166,4
1489280400000,91.085,3
1489366800000,96.764,2
1489453200000,89.68,2
1489539600000,62.548,4
1489626000000,94.708,5
1489712400000,99.438,2
1489798800000,97.268,5
1489885200000,96.093,8
1489971600000,97.591,2
1490058000000,90.023,4
1490144400000,94.677,5
1490230800000,87.995,2
1490317200000,99.346,1
1490403600000,93.643,6
1490490000000,84,2
1490576400000,89.271,3
1490662800000,88.093,3
1490749200000,95.372,2
1490835600000,92.245,2
1490922000000,86.214,5
1491008400000,88.396,7
1491094800000,88.004,1
1491181200000,89.679,6
1491267600000,85.701,2
1491354000000,85.731,2
1491440400000,86.018,6
1491526800000,92.431,7
1491613200000,90.544,7
1491699600000,91.135,2
1491786000000,89.131,4
1491872400000,92.887,5
1491958800000,94.484,2
1492045200000,91.95,3
1492131600000,90.383,3
1492218000000,95.166,2
1492304400000,81.77,1
1492390800000,94.538,3
1492477200000,95.018,4
1492650000000,97.095,2
1492736400000,91.361,5
1492822800000,90.82,1
1492909200000,88.031,1
1492995600000,85.21,3
1493082000000,92.984,4
1493168400000,89.053,2
1493254800000,94.277,3
1493341200000,95.342,7
1493427600000,100.301,1
1493600400000,91.689,2
1493686800000,88.4,3
1493773200000,98.119,1
1493859600000,96.001,3
1493946000000,90.544,2
1494032400000,98.338,5
1494118800000,100.518,3
1494205200000,94.71,1
1494291600000,95.352,4
1494378000000,92,1
1494464400000,96.011,1
1494723600000,95.879,6
1494810000000,103.37,2
1494982800000,102.593,3
1495069200000,105.485,1
1495155600000,100.592,2
1495242000000,103.237,3
1495328400000,104.149,2
1495501200000,92.145,2
1495587600000,95.232,2
1495674000000,87.198,4
1495760400000,100.263,1
1495846800000,95.11,7
1495933200000,96.633,2
1496019600000,99.38,3
1496106000000,100.015,1
1496192400000,90.665,4
1496278800000,99.503,3
1496365200000,104.009,2
1496451600000,97.334,4
1496538000000,107.43,1
1496624400000,109.138,3
1496710800000,105.953,1
1496883600000,103.82,2
1496970000000,103.203,1
1497142800000,103.477,1
1497229200000,105.915,2
1497315600000,110.29,2
1497402000000,111.948,1
1497488400000,114.992,1
1497574800000,104.99,1
1497661200000,97.045,4
1497747600000,113.147,1
1497920400000,110.004,1
1498006800000,99.42,1
1498179600000,91.74,2
1498266000000,94.459,3
1498438800000,95.183,4
1498525200000,91.033,3
1498611600000,89.594,4
1498698000000,71.82,1
1498784400000,93.794,1
1498870800000,92.209,4
1498957200000,80,1
1499043600000,93.205,3
1499130000000,84.704,4
1499216400000,89.618,2
1499302800000,90.094,4
1499389200000,94.925,7
1499475600000,95.28,1
1499562000000,93.506,3
1499648400000,93.713,3
1499734800000,101.188,3
1499821200000,99.473,4
1499907600000,96.692,2
1499994000000,98.431,3
1500166800000,93.952,3
1500253200000,103.355,2
1500339600000,104.781,3
1500426000000,104.945,1
1500512400000,100.34,3
1500598800000,108.503,1
1500685200000,108.249,2
1500771600000,95.006,1
1500858000000,107.03,1
1500944400000,94,1
1501030800000,108.74,1
1501203600000,108.239,1
1501290000000,103.408,3
1501376400000,108.48,1
1501462800000,93.29,2
1501549200000,110.24,2
1501635600000,112.2,1
1501808400000,111.454,1
1501894800000,93.867,2
1501981200000,93.56,1
1502067600000,93.47,1
1502154000000,108.705,2
1502326800000,92.245,2
1502413200000,113.9,1
1502499600000,113.229,2
1502586000000,97.611,6
1502672400000,110.32,3
1502758800000,112.408,3
1502845200000,115.457,2
1502931600000,114.244,2
1503018000000,97.458,3
1503104400000,112.612,2
1503190800000,113.024,3
1503277200000,100.482,4
1503363600000,95.38,1
1503450000000,112.534,3
1503536400000,114.36,2
1503622800000,105.395,2
1503795600000,89.73,1
1503882000000,110.267,1
1503968400000,106.327,2
1504054800000,95.31,1
1504141200000,105.99,1
1504227600000,110.089,1
1504400400000,102.28,1
1504486800000,107.416,3
1504659600000,105.743,2
1504746000000,106.025,3
1504832400000,109.54,3
1504918800000,114.499,1
1505005200000,120.022,1
1505091600000,95.625,2
1505178000000,114.082,3
1505350800000,119.552,2
1505437200000,116.714,1
1505523600000,100.66,1
1505610000000,115.655,1
1505696400000,113.115,2
1505782800000,102.613,2
1505869200000,114.264,1
1506042000000,97.982,3
1506128400000,111.377,2
1506214800000,103.995,2
1506301200000,105.927,1
1506560400000,94.37,1
1506646800000,112.482,1
1506819600000,108.47,1
1506906000000,111.79,2
1506992400000,109.2,1
1507078800000,111.448,1
1507251600000,109.057,2
1507510800000,89.014,2
1507597200000,94.337,4
1507683600000,98.006,2
1507770000000,96.189,2
1507942800000,106.511,3
1508115600000,104.65,2
1508288400000,104.003,2
1508374800000,107.346,2
1508461200000,104,1
1508634000000,113.146,1
1508893200000,110.47,1
1508979600000,111.2,1
1509066000000,102.973,3
1509152400000,104.453,3
1509238800000,110.08,1
1509325200000,107.937,1
1509411600000,106.432,3
1509584400000,97.569,2
1509670800000,93.325,3
1509757200000,80.875,6
1509843600000,69,1
1509930000000,102.52,1
1510016400000,86.641,2
1510102800000,100.635,4
1510189200000,96.053,3
1510275600000,102.084,1
1510448400000,101.926,2
1510534800000,100.61,3
1510621200000,100.161,1
1510707600000,102.866,2
1510966800000,94.34,1
1511053200000,108.47,1
1511139600000,108.469,1
1511312400000,110,1
1511398800000,94.281,2
1511485200000,83.31,1
1511658000000,98.848,2
1511830800000,101.925,2
1512090000000,95.484,1
1512176400000,91.753,3
1512435600000,105.531,3
1512522000000,108.99,1
1512694800000,84.731,2
1512781200000,94.614,1
1512867600000,107.195,1
1513040400000,108.903,3
1513126800000,85.18,1
1513213200000,114.999,1
1513386000000,111.563,1
1513558800000,89.36,1
1513645200000,100.055,2
1513818000000,85.1,1
1513904400000,109.991,1
1514077200000,101.934,3
1514163600000,105.286,2
1514250000000,105.89,2
1514336400000,109.908,4
1514509200000,104.687,9
1514595600000,110.02,1
1514682000000,110.024,2
1514854800000,120.36,1
1514941200000,96.28,1
1515027600000,110.447,1
1515114000000,117.827,1
1515200400000,119.299,2
1515286800000,115,1
1515459600000,110.008,1
1515546000000,114.998,1
1515718800000,119.997,1
1515805200000,139.539,1
1515891600000,110.583,2
1516064400000,137.914,1
1516237200000,133.856,1
1516323600000,98.3,1
1516410000000,104.589,2
1516496400000,102.073,2
1516582800000,124.69,1
1516755600000,111.525,2
1516842000000,124.144,2
1517187600000,95.695,2
1517274000000,115.009,1
1517360400000,127.43,1
1517533200000,124.562,2
1517965200000,126.632,1
1518138000000,122.619,2
1518310800000,122.514,1
1518656400000,92.005,1
1518742800000,104.03,1
1518915600000,109.723,2
1519002000000,116.159,2
1519261200000,115.581,2
1519347600000,115.491,4
1519434000000,101.675,1
1519520400000,120.41,1
1519779600000,112.372,3
1520038800000,104.227,2
1520125200000,120.01,1
1520211600000,120.023,1
1520298000000,123.288,1
1520470800000,104.68,3
1520557200000,111.612,3
1520643600000,97.11,1
1520730000000,110.306,2
1520816400000,123.401,3
1521162000000,99.001,1
1521594000000,102.15,1
1521680400000,109.55,2
1521766800000,119.875,1
1521853200000,119.855,1
1522198800000,95.88,1
1522285200000,113.55,1
1522371600000,91.773,2
1522544400000,101.375,3
1522630800000,109.634,1
1522717200000,110.624,1
1522803600000,110.988,2
1522976400000,112.942,1
1523062800000,110.178,1
1523149200000,98.975,2
1523322000000,83.77,1
1523408400000,94.34,1
1523494800000,89.823,3
1523667600000,99.725,1
1523840400000,91.796,3
1524013200000,97.353,3
1524099600000,100.23,1
1524272400000,99.795,1
1524445200000,103.912,3
1524531600000,104,1
1524704400000,100.002,2
1524790800000,95.05,2
1524877200000,90.881,3
1524963600000,110,1
1525050000000,111.079,1
1525309200000,103.621,1
1525395600000,102.142,3
1525654800000,103.566,1
1525741200000,93.792,1
1525914000000,93.012,1
1526000400000,90.383,3
1526086800000,87.595,1
1526173200000,91.839,2
1526346000000,100.222,1
1526432400000,75,1
1526518800000,94.91,1
1526605200000,94.475,1
1526691600000,90.13,1
1526778000000,96.974,3
1526950800000,98.322,1
1527037200000,82.63,1
1527123600000,82,1
1527210000000,88.223,2
1527382800000,92.708,3
1527469200000,100.01,1
1527555600000,79.014,1
1527642000000,93.849,2
1527814800000,90.688,4
1527901200000,94.003,1
1527987600000,86.878,2
1528160400000,85.586,2
1528246800000,89.197,2
1528333200000,88.236,2
1528419600000,98.37,1
1528506000000,76.44,1
1528592400000,85.094,1
1528678800000,96.425,1
1528851600000,81.891,3
1528938000000,83.433,3
1529024400000,87.914,1
1529110800000,84.029,2
1529197200000,69.674,1
1529283600000,75.491,1
1529370000000,80.332,3
1529456400000,82.186,5
1529629200000,80.372,2
1529802000000,89.995,1
1529888400000,81.397,2
1529974800000,67.665,2
1530061200000,78.461,2
1530234000000,74.821,2
1530320400000,75.36,2
1530406800000,84.746,2
1530579600000,79.206,1
1530666000000,87.762,2
1530838800000,76.313,2
1530925200000,92.363,3
1531011600000,70.02,1
1531098000000,82.793,2
1531184400000,89.273,2
1531270800000,88.31,2
1531357200000,94.521,1
1531530000000,94.969,1
1531616400000,76.64,1
1531702800000,86.731,4
1532134800000,81.923,1
1532221200000,89.7,1
1532307600000,92.869,3
1532394000000,97.88,1
1532480400000,101.515,2
1532566800000,89.724,3
1532653200000,102.718,1
1532739600000,99.179,2
1532826000000,83.348,1
1532912400000,95.064,2
1533085200000,90.65,3
1533258000000,96.191,3
1533344400000,103.448,1
1533517200000,96.209,2
1533776400000,88.08,4
1533862800000,99.507,3
1533949200000,85.767,2
1534035600000,80.13,1
1534122000000,91.889,2
1534208400000,102.461,1
1534467600000,85.918,2
1534554000000,80.501,1
1534640400000,99.87,1
1534726800000,95.062,1
1534813200000,79.587,3
1534899600000,82.96,1
1534986000000,85.591,5
1535072400000,84.501,2
1535158800000,94.034,3
1535245200000,95.277,3
1535331600000,98.269,2
1535418000000,98.825,3
1535504400000,90.568,2
1535590800000,94.312,4
1535677200000,88.266,3
1535763600000,95.81,7
1535850000000,97.076,2
1535936400000,90.838,2
1536022800000,87.53,4
1536109200000,92.751,3
1536195600000,97.145,3
1536282000000,109.903,1
1536368400000,96.663,4
1536454800000,85.05,1
1536541200000,94.508,2
1536714000000,101.999,1
1536800400000,107.519,2
1536886800000,96.463,2
1536973200000,86.64,1
1537059600000,98.753,3
1537146000000,101.866,1
1537232400000,93.439,1
1537318800000,105.08,1
1537405200000,107.5,1
1537491600000,95.397,4
1537578000000,105.407,1
1537664400000,110.838,1
1537837200000,112.317,3
1537923600000,104.264,1
1538010000000,113.667,1
1538182800000,99.558,2
1538269200000,111.632,3
1538355600000,101.63,4
1538442000000,102.57,2
1538528400000,103.153,1
1538701200000,101.979,1
1538874000000,93.45,1
1538960400000,105.985,1
1539046800000,114.329,1
1539133200000,104.289,2
1539219600000,114.219,1
1539392400000,113.552,1
1539478800000,104.202,3
1539910800000,107.801,2
1539997200000,98.383,3
1540083600000,103.368,3
1540170000000,114.432,2
1540256400000,93.481,1
1540342800000,111.316,3
1540515600000,96.738,2
1540688400000,107.185,3
1540774800000,107.744,1
1540861200000,111.255,1
1540947600000,93.148,1
1541034000000,98.769,1
1541206800000,112.715,1
1541293200000,97.254,3
1541379600000,94.828,2
1541466000000,111.21,1
1541552400000,110.859,2
1541638800000,110.98,1
1541725200000,111.2,2
1542243600000,108.512,1
1542330000000,94.3,1
1542416400000,93.05,1
1542502800000,99.35,2
1542589200000,86.25,1
1542675600000,100.738,3
1542762000000,103.481,3
1542848400000,97.356,1
1542934800000,110.665,2
1543021200000,104.346,2
1543366800000,103.89,1
1543453200000,92.997,1
1543539600000,103.115,4
1543626000000,83.497,1
1543712400000,86.106,1
1543885200000,100.053,2
1543971600000,91.177,2
1544144400000,93.619,2
1544230800000,95.922,2
1544317200000,98.76,1
1544576400000,95.801,2
1544662800000,88.255,3
1544835600000,95.733,1
1544922000000,100.081,1
1545008400000,88.894,2
1545094800000,100.137,3
1545181200000,102.606,2
1545267600000,85.44,1
1545354000000,103.99,1
1545440400000,102.876,4
1545526800000,108.783,2
1545613200000,105.145,3
1545699600000,107.6,3
1545786000000,108.922,2
1545872400000,99.403,2
1545958800000,113.899,2
1546045200000,114.573,1
1546390800000,114.96,2
1546477200000,104.49,1
1546563600000,123.973,2
1546650000000,115.458,2
1546736400000,113.726,1
1546822800000,111.883,2
1546909200000,110.041,2
1546995600000,112.39,2
1547082000000,122.733,2
1547168400000,104.33,1
1547254800000,126.723,1
1547427600000,115.445,2
1547600400000,110.59,2
1547686800000,117.984,2
1547859600000,120,1
1547946000000,105.469,1
1548032400000,113.369,3
1548118800000,110.256,2
1548205200000,113.236,2
1548291600000,124.295,2
1548723600000,104.933,1
1548810000000,121.99,1
1548896400000,108.328,1
1548982800000,115.555,3
1549069200000,118.831,2
1549155600000,116.381,3
1549328400000,104.93,1
1549414800000,123.734,1
1549587600000,123.076,2
1549674000000,112.577,2
1549760400000,112.796,2
1549846800000,121.749,3
1549933200000,124.004,1
1550192400000,122.565,3
1550538000000,130.008,1
1550624400000,120,2
1550710800000,87.031,1
1550797200000,130.371,1
1550883600000,109.11,4
1550970000000,116.509,2
1551142800000,105.006,1
1551229200000,122.863,3
1551315600000,120.315,1
1551402000000,113.856,1
1551574800000,120.673,5
1551661200000,125.968,2
1551747600000,124.429,2
1551834000000,129.559,2
1552179600000,127.206,4
1552266000000,119.047,2
1552352400000,114.799,2
1552611600000,121.021,4
1552698000000,134.829,1
1552870800000,124.792,1
1553043600000,130.96,1
1553216400000,117.004,1
1553302800000,124.24,1
1553389200000,118.004,2
1553475600000,119.123,2
1553562000000,93.87,1
1553648400000,115.444,1
1553734800000,124.759,1
1553907600000,116.752,2
1553994000000,124.673,1
1554080400000,115.383,2
1554166800000,115.468,1
1554253200000,119.627,1
1554339600000,124.125,4
1554512400000,109.59,1
1554598800000,116.459,2
1554771600000,117.383,3
1554858000000,108.99,1
1554944400000,117.832,3
1555030800000,126.008,1
1555117200000,111.74,1
1555203600000,115,1
1555290000000,122.411,2
1555376400000,135.31,1
1555462800000,106.05,1
1555722000000,126.972,2
1555808400000,110.664,2
1555894800000,113.409,1
1556154000000,118.83,1
1556240400000,121.545,4
1556326800000,133.69,1
1556672400000,140.349,2
1556758800000,110.275,1
1556845200000,115.406,2
1557190800000,115,1
1557450000000,117.713,2
1557536400000,110.009,1
1557709200000,112.699,1
1557882000000,143.409,1
1558054800000,133.84,2
1558314000000,117.39,1
1558746000000,139.952,2
1558918800000,117.097,1
1559091600000,123.409,3
1559264400000,134.855,2
1559437200000,131.972,3
1559523600000,116.27,1
1559610000000,139.957,1
1559696400000,140.007,1
1559782800000,149.687,1
1559955600000,131.482,1
1560214800000,127.48,1
1560301200000,141.773,2
1560474000000,142.574,1
1560646800000,145.01,1
1560906000000,132.63,2
1561078800000,142.093,2
1561165200000,128.371,2
1561251600000,151.65,1
1561338000000,139.785,2
1561424400000,147.209,2
1561510800000,138.325,2
1561597200000,125.026,3
1561683600000,144.532,1
1561770000000,145.022,1
1561942800000,121.27,1
1562115600000,145.242,1
1562288400000,117.915,3
1562374800000,127.266,1
1562461200000,129.065,1
1562547600000,135.906,2
1562720400000,137.306,2
1562806800000,159.953,1
1562979600000,153.72,1
1563066000000,130.081,1
1563238800000,149.866,2
1563411600000,139.96,1
1563757200000,157.032,1
1564016400000,182.002,1
1564189200000,133.72,1
1564707600000,149.086,3
1564794000000,165.18,1
1565053200000,155.885,2
1565139600000,155.71,2
1565226000000,141,1
1565398800000,154.818,3
1565744400000,132.253,1
1565917200000,144.406,1
1566003600000,146.667,3
1566090000000,153.629,2
1566176400000,127.48,1
1566349200000,155.411,2
1566435600000,160.772,1
1566522000000,133.739,1
1566608400000,158.514,1
1566867600000,158.219,1
1566954000000,133.866,1
1567213200000,148.601,2
1567386000000,166.208,1
1567472400000,137.192,1
1567558800000,140.37,1
1567645200000,154.399,1
1567731600000,136.654,1
1567818000000,143.358,2
1567904400000,151.659,2
1567990800000,139.472,2
1568250000000,166.404,2
1568595600000,152.663,2
1568682000000,140.572,1
1568854800000,166.509,2
1569027600000,172.5,1
1569114000000,165.68,1
1569373200000,150.395,1
1569459600000,164.107,1
1569546000000,150.426,1
1569632400000,147.546,1
1569718800000,158.401,3
1569805200000,165.814,1
1569891600000,150.005,1
1569978000000,144.467,2
1570064400000,147.56,1
1570237200000,138.15,2
1570323600000,174.61,1
1570410000000,145.187,1
1570496400000,168.001,1
1570582800000,156.255,2
1570669200000,142.63,1
1570842000000,171.213,2
1571014800000,169.798,1
1571101200000,152.802,2
1571274000000,149.278,3
1571360400000,144.351,1
1571446800000,134.59,1
1571533200000,142.37,2
1571619600000,145.591,3
1571792400000,138.83,2
1571878800000,161.46,2
1572051600000,154.786,4
1572310800000,162.535,1
1572397200000,141.354,3
1572570000000,142.013,1
1572656400000,150.803,2
1573088400000,138.42,1
1573174800000,139.365,1
1573347600000,152.539,2
1573434000000,153.01,1
1573693200000,162.187,1
1573779600000,143.546,3
1573866000000,166.146,1
1573952400000,144.806,1
1574125200000,144.913,1
1574211600000,147.053,2
1574384400000,157.03,2
1574557200000,154.657,1
1574643600000,136.66,2
1574730000000,116.62,1
1574902800000,141.51,1
1574989200000,137.253,2
1575075600000,131.659,2
1575162000000,127.426,1
1575248400000,145.453,1
1575334800000,136.518,2
1575421200000,133.014,2
1575766800000,155.761,1
1575853200000,136.163,3
1575939600000,148.846,2
1576198800000,141.44,1
1576285200000,151.511,1
1576458000000,160.989,1
1576544400000,173,1
1576803600000,146.243,3
1576890000000,145.226,2
1577062800000,158.028,2
1577149200000,138.905,1
1577235600000,139.69,1
1577494800000,143.802,1
1577581200000,167.49,2
1577667600000,168.269,1
1577840400000,170.809,3
1577926800000,164.211,1
1578013200000,158.761,2
1578099600000,164.444,2
1578272400000,167.957,3
1578358800000,155.005,4
1578445200000,170.134,2
1578531600000,150.314,1
1578618000000,179.722,2
1578704400000,168.52,1
1578877200000,156.76,1
1579136400000,149.723,1
1579222800000,178.097,1
1579395600000,180.749,1
1579654800000,159.08,1
1579741200000,152.213,1
1579914000000,163.793,3
1580086800000,180.917,1
1580173200000,144.566,2
1580259600000,145.019,1
1580432400000,161.249,1
1580518800000,176.42,1
1580605200000,176.547,2
1580950800000,184.104,2
1581296400000,157.594,1
1581382800000,177.99,1
1581555600000,159.448,2
1581728400000,164.713,5
1581814800000,155.614,3
1581987600000,168.428,2
1582074000000,174.396,2
1582246800000,150.65,1
1582419600000,198.673,1
1582592400000,161.807,1
1582678800000,168.364,1
1582765200000,151.91,1
1582938000000,186.26,1
1583024400000,144.884,2
1583110800000,139.901,2
1583283600000,173.384,2
1583370000000,175.68,1
1583456400000,161.39,1
1583542800000,163.354,4
1583802000000,185.511,1
1583888400000,156.598,4
1583974800000,170.741,2
1584061200000,160.922,2
1584147600000,127.626,1
1584234000000,173.265,2
1584320400000,170.116,1
1584406800000,175.069,1
1584493200000,174.48,1
1584579600000,169.429,1
1584752400000,147.36,1
1584838800000,168.253,1
1585270800000,160.998,1
1585357200000,151.478,2
1585530000000,169.3,1
1585616400000,143.117,1
1585702800000,150.007,1
1585789200000,150.481,2
1585875600000,141.09,3
1585962000000,151.464,3
1586048400000,149.939,2
1586221200000,147.067,2
1586307600000,160.564,2
1586394000000,153.391,3
1586480400000,169.632,2
1586566800000,163.753,2
1586653200000,142.414,1
1586739600000,149.998,2
1586826000000,142.43,1
1586912400000,166.843,2
1586998800000,145.097,4
1587085200000,168.38,1
1587171600000,166.232,2
1587344400000,174.702,1
1587430800000,152.241,1
1587517200000,168.2,2
1587690000000,152.848,2
1587776400000,150.649,3
1587949200000,146.999,2
1588035600000,170.19,1
1588122000000,183.477,1
1588208400000,172.192,2
1588294800000,167.895,1
1588381200000,162.985,3
1588467600000,189.147,1
1588899600000,170.046,2
1588986000000,167.5,2
1589072400000,163.689,2
1589158800000,163.453,2
1589245200000,137.51,2
1589331600000,168.409,4
1589418000000,175.385,4
1589504400000,194.914,1
1589590800000,183.689,2
1589677200000,174.346,1
1589850000000,176.02,2
1590109200000,177.52,1
1590368400000,164.292,2
1590454800000,146.445,2
1590541200000,170.222,2
1590627600000,183.031,2
1590714000000,190.431,3
1591146000000,163.506,3
1591318800000,165.059,3
1591405200000,150.703,1
1591491600000,169.005,1
1591578000000,182.209,1
1591664400000,162.347,1
1591750800000,170.813,1
1591923600000,152.421,1
1592010000000,162.298,2
1592096400000,172.97,1
1592182800000,150.12,1
1592269200000,174.091,2
1592355600000,155.15,1
1593046800000,178.241,1
1593392400000,171.976,2
1593738000000,166.416,2
1593824400000,175,1
1594170000000,167.097,3
1594429200000,178.061,2
1594515600000,161.57,2
1594688400000,177.028,1
1594774800000,173.675,2
1594861200000,148.61,1
1594947600000,168.44,1
1595034000000,168.589,1
1595120400000,183.741,1
1595206800000,138,1
1595293200000,180.607,2
1595379600000,196.52,1
1595638800000,161.533,2
1595725200000,178.244,1
1595984400000,188.478,1
1596070800000,169.179,2
1596157200000,195.56,1
1596243600000,181.19,1
1596330000000,174.696,2
1596502800000,165.757,2
1596675600000,150.05,1
1596934800000,174.839,1
1597021200000,193.171,1
1597280400000,171.684,1
1597539600000,176.688,1
1597712400000,171.948,1
1597798800000,187.904,3
1597885200000,163.07,1
1598403600000,161.594,1
1598662800000,148.31,1
1599008400000,161.257,2
1599094800000,146.277,1
1599181200000,173.143,1
1599267600000,165.061,2
1599526800000,181.031,1
1599699600000,152.245,2
1599786000000,161,1
1599872400000,160.009,1
1599958800000,168.25,1
1600045200000,156.6,1
1600218000000,164.91,2
1600390800000,206.856,1
1600477200000,199.965,1
1600736400000,162.01,1
1600909200000,175.141,2
1600995600000,196.279,1
1601082000000,182.855,2
1601254800000,172.137,2
1601427600000,184.752,1
1601514000000,167.63,1
1601600400000,167.97,1
1601686800000,184.165,3
1601859600000,201.009,1
1602032400000,200.19,1
1602205200000,185.261,2
1602637200000,167.58,2
1602723600000,176.474,2
1602810000000,199.73,1
1603242000000,217.67,1
1603760400000,165.242,3
1603846800000,176.005,2
1604106000000,207,1
1604365200000,158.198,2
1604451600000,190.003,1
1604710800000,194.53,1
1604797200000,201.429,2
1605056400000,168.956,1
1605142800000,168.986,1
1605920400000,164.47,2
1606006800000,164.54,1
1606179600000,205.005,1
1606266000000,157.009,1
1606438800000,174.595,2
1606525200000,207,1
1606698000000,161.534,3
1606957200000,133.667,1
1607043600000,150.02,1
1607130000000,136.07,1
1607475600000,156.952,1
1607648400000,137.862,3
1607734800000,144.41,2
1607821200000,152.984,2
1607907600000,182.75,1
1607994000000,148.241,2
1608080400000,139.81,1
1608166800000,175.683,1
1608253200000,172,1
1608339600000,165.593,2
1608512400000,172.224,2
1608598800000,182.68,2
1608685200000,171.026,3
1608771600000,160.416,3
1608858000000,162.98,3
1608944400000,210.227,1
1609030800000,207.865,1
1609376400000,165.2,1
1609462800000,164.45,1
1609722000000,189.909,2
1609808400000,195.017,1
1609894800000,197.345,2
1610240400000,208.608,1
1610413200000,197.647,3
1610499600000,185,1
1610586000000,216.011,1
1610758800000,201.068,4
1610845200000,176.206,1
1610931600000,170,1
1611018000000,128.387,3
1611277200000,194.246,1
1611363600000,209.797,2
1611450000000,181.401,1
1611622800000,209.099,1
1611882000000,197.139,2
1611968400000,211.379,1
1612141200000,214.47,1
1612486800000,188.1,2
1612659600000,200.257,1
1612832400000,138.476,1
1613005200000,97.903,2
1613091600000,194.305,2
1613264400000,186.93,3
1613350800000,211.464,1
1613610000000,213.712,1
1613696400000,214.883,1
1614128400000,180.12,1
1614301200000,196.938,2
1614387600000,212.773,1
1614646800000,215.92,1
1614733200000,193.816,1
1614819600000,180.251,1
1614992400000,221.707,1
1615165200000,210.352,2
1615251600000,216.61,1
1615338000000,204.43,1
1615424400000,199.517,3
1615510800000,216.16,1
1615597200000,181.812,1
1615770000000,187.213,1
1615856400000,216.356,2
1615942800000,193.767,1
1616115600000,218.812,3
1616288400000,207.001,1
1616374800000,218.468,1
1616547600000,213.12,1
1616634000000,212.509,1
1616806800000,186,1
1617066000000,215.996,2
1617498000000,192.43,1
1617584400000,199.71,1
1618016400000,213.308,2
1618102800000,225.671,1
1618534800000,192.087,2
1618621200000,187.08,1
1618707600000,191.66,1
1618794000000,205.425,2
1618880400000,228.73,1
1619139600000,198.55,1
1619226000000,192.7,1
1619312400000,208.03,1
1619398800000,205.675,3
1619571600000,239.874,1
1619658000000,238.848,1
1619744400000,187.81,1
1619917200000,213.18,1
1620090000000,213.142,1
1620262800000,206.705,2
1620349200000,222.927,1
1620435600000,219.997,1
1620608400000,249.496,1
1620781200000,216.584,1
1620867600000,239.11,1
1620954000000,205.55,1
1621213200000,209.73,1
1621558800000,215.02,1
1621731600000,214.99,1
1621990800000,226.513,1
1622077200000,244.36,1
1622163600000,243.461,1
1622682000000,239.597,1
1622768400000,217,1
1622854800000,217.512,2
1623459600000,245.001,1
1623546000000,218.232,1
1623978000000,253.578,1
1624237200000,260.02,1
1625101200000,209.73,1
1625274000000,253.081,2
1625706000000,213.35,1
1626397200000,230,1
1626742800000,205.57,1
1626829200000,205.686,1
1627002000000,206.71,1
1627434000000,249.343,1
1627693200000,206.35,1
1627866000000,240.155,2
1627952400000,207.54,1
1628125200000,256.443,1
1628384400000,214.4,1
1628730000000,195.343,1
1628989200000,234.109,1
1629162000000,208.291,4
1629421200000,191.2,1
1629507600000,182.69,1
1629594000000,181.7,1
1629680400000,182.99,1
1629766800000,205.6,3
1630026000000,189.13,1
1630285200000,190.22,1
1630458000000,190.55,1
1630630800000,250.817,1
1630717200000,184.312,1
1630803600000,225.918,1
1631062800000,198.81,1
1631581200000,173.304,1
1631667600000,229.451,1
1631754000000,230.364,1
1632013200000,211.258,2
1632099600000,205.738,1
1632358800000,239.825,1
1632445200000,164.933,1
1632618000000,160,1
1632704400000,187.63,1
1632790800000,200.002,1
1632877200000,178.892,2
1632963600000,167.816,2
1633136400000,203.755,1
1633222800000,168.72,1
1633309200000,206.747,1
1633395600000,231.341,1
1633568400000,177.26,1
1633741200000,178.16,1
1633827600000,182.055,2
1633914000000,175.515,2
1634086800000,230.82,2
1634173200000,186.435,2
1634518800000,180.01,1
1634778000000,188.53,1
1635037200000,209.483,2
1635123600000,195.451,3
1635382800000,196.995,3
1635728400000,188.257,3
1635814800000,175.96,1
1635901200000,182.833,5
1635987600000,202.767,1
1636074000000,183.74,1
1636333200000,167.17,1
1636506000000,161.66,1
1636851600000,212.412,2
1637110800000,212.762,2
1637370000000,212.014,1
1637542800000,182.04,1
1637715600000,195.024,1
1637802000000,179.02,1
1638061200000,205.727,1
1638320400000,180.12,1
1638579600000,184.565,2
1638666000000,184.71,1
1638838800000,203.123,1
1638925200000,230.523,1
1639098000000,250.827,1
1639270800000,150,1
1639875600000,183.97,1
1639962000000,190.338,3
1640048400000,180.72,1
1640134800000,236.052,1
1640653200000,230.459,1
1640739600000,234.842,1
1640826000000,220.771,1
1640912400000,234.356,1
1640998800000,196.91,1
1641085200000,214.905,2
1641171600000,243.265,1
1641344400000,222.985,2
1641603600000,227.473,1
1641690000000,205.58,1
1641776400000,217.139,2
1641862800000,259.989,1
1641949200000,235.851,2
1642467600000,240.002,1
1642813200000,233.909,1
1642899600000,198.07,1
1642986000000,198,1
1643245200000,221.478,2
1643331600000,206.153,3
1643418000000,201.02,1
1643590800000,217.421,2
1643677200000,199.14,1
1644109200000,251.451,1
1644195600000,250.315,1
1644541200000,208.67,1
1644800400000,211.07,1
1644886800000,210.76,1
1645146000000,229.994,1
1645232400000,209.612,3
1645405200000,204.2,1
1645578000000,207.61,1
1645750800000,228.561,2
1646010000000,245.145,1
1646182800000,251.402,1
1646269200000,210.74,1
1646442000000,229.926,3
1646960400000,234.38,1
1647046800000,227.236,1
1647219600000,263.123,1
1647565200000,288,1
1647651600000,40.34,1
1647910800000,242.55,1
1647997200000,264.427,3
1648688400000,267.352,1
1648774800000,240.99,1
1649206800000,277.021,2
1649898000000,300.68,1
1649984400000,256,1
1650157200000,281.232,3
1650416400000,264.22,1
1650589200000,264.81,1
1651021200000,266.849,1
1651107600000,262.44,1
1651366800000,271.906,2
1652576400000,267.501,2
1652662800000,261.854,2
1652749200000,281.264,1
1653613200000,249.22,1
1654045200000,248.58,1
1654218000000,250.24,1
1654390800000,310.28,1
1654477200000,250.98,1
1654650000000,266.099,1
1654909200000,273.669,2
1654995600000,242.545,4
1655600400000,249.36,1
1655773200000,250.49,1
1656032400000,243.54,1
1656464400000,273.125,2
1656637200000,246.205,2
1656896400000,250.21,1
1657069200000,251,1
1657328400000,250.74,2
1657501200000,250.71,1
1657587600000,251.56,2
1657760400000,270.149,1
1657933200000,261.399,2
1658538000000,256.54,1
1658710800000,235.65,1
1658883600000,258.09,1
1659056400000,241.96,1
1659402000000,265.82,1
1660266000000,268.27,1
1660352400000,261.315,2
1660698000000,298.24,1
1660784400000,280.16,1
1660870800000,269.99,1
1661302800000,268.98,1
1662166800000,276.18,1
1662253200000,298.97,1
1663462800000,268.81,1
1663722000000,289.235,1
1664154000000,265.48,2
1664326800000,265.55,1
1664413200000,134.046,2
1664499600000,265.97,2
1664672400000,276.04,1
1664758800000,275.4,1
1664845200000,279.65,1
1665536400000,286.735,2
1665882000000,378.003,1
1666054800000,308.35,1
1666486800000,293.17,1
1667696400000,310,1
1668301200000,319.11,2
1668906000000,350.575,1
1668992400000,339.327,2
1669251600000,339.852,1
1669770000000,348.902,1
1669856400000,349.002,1
1669942800000,318.94,1
1670202000000,341.9,1
1670288400000,322.2,1
1670720400000,350,1
1671325200000,322.87,1
1671843600000,392.263,2
1672707600000,321.22,1
1673053200000,340.21,1
1673139600000,342.88,1
1673398800000,407.315,2
1673744400000,332.27,1
1673917200000,345,1
1674522000000,344.5,1
1675040400000,434.306,1
1675386000000,344.86,1
1676163600000,372.785,2
1677286800000,389.45,1
1678237200000,554.123,1
1678410000000,490.233,1
1678582800000,430.19,1
1678755600000,417.14,1
1678842000000,461.85,2
1679187600000,437,1
1679446800000,481.631,1
1679706000000,429.44,1
1679792400000,458.563,1
1680051600000,454.307,2
1680310800000,451.41,1
1681002000000,430,1
1681261200000,540.98,1
1681952400000,599.596,1
1682211600000,622.1,1
1682258400000,530.58,1
1682895600000,511.014,1
1683198000000,490.39,1
1683745200000,491.06,1
1684004400000,477.28,1
1684029600000,516.605,1
1684252800000,452.7,1
