timestamp,price_dollar,sells
1458262800000,1.142,454
1458349200000,1.119,257
1458435600000,1.12,218
1458522000000,1.119,173
1458608400000,1.11,139
1458694800000,1.103,134
1458781200000,1.108,153
1458867600000,1.095,112
1458954000000,1.114,133
1459040400000,1.115,124
1459126800000,1.112,160
1459213200000,1.1,218
1459299600000,0.955,495
1459386000000,0.943,504
1459472400000,1.029,432
1459558800000,1.073,430
1459645200000,0.334,30602
1459731600000,0.373,15314
1459818000000,0.436,4506
1459904400000,0.416,3118
1459990800000,0.403,2647
1460077200000,0.395,2767
1460163600000,0.397,2842
1460250000000,0.384,2278
1460336400000,0.371,2154
1460422800000,0.37,1843
1460509200000,0.341,1885
1460595600000,0.339,1814
1460682000000,0.344,1722
1460768400000,0.346,1906
1460854800000,0.344,1853
1460941200000,0.335,1442
1461027600000,0.34,1309
1461114000000,0.343,1405
1461200400000,0.349,1391
1461286800000,0.351,1369
1461373200000,0.357,1473
1461459600000,0.351,1332
1461546000000,0.351,1131
1461632400000,0.352,1072
1461718800000,0.347,1104
1461805200000,0.349,1148
1461891600000,0.358,1331
1461978000000,0.369,1470
1462064400000,0.387,1386
1462150800000,0.397,1199
1462237200000,0.388,1070
1462323600000,0.398,1087
1462410000000,0.407,1091
1462496400000,0.415,968
1462582800000,0.426,995
1462669200000,0.424,993
1462755600000,0.423,945
1462842000000,0.428,822
1462928400000,0.433,787
1463014800000,0.445,796
1463101200000,0.439,978
1463187600000,0.437,1092
1463274000000,0.438,1051
1463360400000,0.445,978
1463446800000,0.415,1031
1463533200000,0.404,918
1463619600000,0.415,855
1463706000000,0.405,935
1463792400000,0.408,975
1463878800000,0.409,890
1463965200000,0.408,689
1464051600000,0.401,861
1464138000000,0.404,863
1464224400000,0.406,855
1464310800000,0.41,933
1464397200000,0.42,1034
1464483600000,0.421,1168
1464570000000,0.426,903
1464656400000,0.425,682
1464742800000,0.406,896
1464829200000,0.383,797
1464915600000,0.38,1050
1465002000000,0.385,928
1465088400000,0.366,930
1465174800000,0.347,1207
1465261200000,0.354,743
1465347600000,0.367,797
1465434000000,0.361,748
1465520400000,0.351,969
1465606800000,0.389,1551
1465693200000,0.384,779
1465779600000,0.39,1801
1465866000000,0.474,2132
1465952400000,0.457,697
1466038800000,0.437,1093
1466125200000,0.429,822
1466211600000,0.465,1456
1466298000000,0.462,1234
1466384400000,0.451,699
1466470800000,0.539,3311
1466557200000,0.565,2663
1466643600000,0.694,3241
1466730000000,0.695,4621
1466816400000,0.663,3070
1466902800000,0.529,1215
1466989200000,0.489,901
1467075600000,0.433,930
1467162000000,0.433,691
1467248400000,0.423,643
1467334800000,0.412,552
1467421200000,0.362,616
1467507600000,0.398,868
1467594000000,0.376,836
1467680400000,0.387,765
1467766800000,0.386,810
1467853200000,0.391,518
1467939600000,0.383,637
1468026000000,0.364,868
1468112400000,0.333,1246
1468198800000,0.33,533
1468285200000,0.335,523
1468371600000,0.386,292
1468458000000,0.368,402
1468544400000,0.372,402
1468630800000,0.359,268
1468717200000,0.361,330
1468803600000,0.339,385
1468890000000,0.315,322
1468976400000,0.323,305
1469062800000,0.321,301
1469149200000,0.334,298
1469235600000,0.332,244
1469322000000,0.32,283
1469408400000,0.31,291
1469494800000,0.311,263
1469581200000,0.318,269
1469667600000,0.342,227
1469754000000,0.342,214
1469840400000,0.345,262
1469926800000,0.315,364
1470013200000,0.325,315
1470099600000,0.324,288
1470186000000,0.319,248
1470272400000,0.316,256
1470358800000,0.318,243
1470445200000,0.301,307
1470531600000,0.311,256
1470618000000,0.312,232
1470704400000,0.312,284
1470790800000,0.31,200
1470877200000,0.305,210
1470963600000,0.311,259
1471050000000,0.309,256
1471136400000,0.307,225
1471222800000,0.312,273
1471309200000,0.32,222
1471395600000,0.32,263
1471482000000,0.314,280
1471568400000,0.313,502
1471654800000,0.332,319
1471741200000,0.319,385
1471827600000,0.314,391
1471914000000,0.317,320
1472000400000,0.316,391
1472086800000,0.324,323
1472173200000,0.338,265
1472259600000,0.342,299
1472346000000,0.347,285
1472432400000,0.35,287
1472518800000,0.347,294
1472605200000,0.347,291
1472691600000,0.355,286
1472778000000,0.359,232
1472864400000,0.376,243
1472950800000,0.366,221
1473037200000,0.36,227
1473123600000,0.371,211
1473210000000,0.375,204
1473296400000,0.382,177
1473382800000,0.377,254
1473469200000,0.38,256
1473555600000,0.384,250
1473642000000,0.372,263
1473728400000,0.385,178
1473814800000,0.381,195
1473901200000,0.389,189
1473987600000,0.384,186
1474074000000,0.379,297
1474160400000,0.384,229
1474246800000,0.37,198
1474333200000,0.37,165
1474419600000,0.365,174
1474506000000,0.374,258
1474592400000,0.38,178
1474678800000,0.387,253
1474765200000,0.377,236
1474851600000,0.37,158
1474938000000,0.375,198
1475024400000,0.384,139
1475110800000,0.378,181
1475197200000,0.364,229
1475283600000,0.376,202
1475370000000,0.371,236
1475456400000,0.358,235
1475542800000,0.357,205
1475629200000,0.355,280
1475715600000,0.346,277
1475802000000,0.342,268
1475888400000,0.349,285
1475974800000,0.345,232
1476061200000,0.333,277
1476147600000,0.34,209
1476234000000,0.337,254
1476320400000,0.334,226
1476406800000,0.338,236
1476493200000,0.336,282
1476579600000,0.337,222
1476666000000,0.336,155
1476752400000,0.334,167
1476838800000,0.338,161
1476925200000,0.331,154
1477011600000,0.331,184
1477098000000,0.333,291
1477184400000,0.328,362
1477270800000,0.331,192
1477357200000,0.331,196
1477443600000,0.332,151
1477530000000,0.332,157
1477616400000,0.332,226
1477702800000,0.33,321
1477789200000,0.324,227
1477875600000,0.319,204
1477962000000,0.32,265
1478048400000,0.329,214
1478134800000,0.329,162
1478221200000,0.335,211
1478307600000,0.336,252
1478394000000,0.334,293
1478480400000,0.337,272
1478566800000,0.335,150
1478653200000,0.339,203
1478739600000,0.339,179
1478826000000,0.333,197
1478912400000,0.332,252
1478998800000,0.332,244
1479085200000,0.335,202
1479171600000,0.33,286
1479258000000,0.331,203
1479344400000,0.334,160
1479430800000,0.337,154
1479517200000,0.337,199
1479603600000,0.336,208
1479690000000,0.332,153
1479776400000,0.333,204
1479862800000,0.325,171
1479949200000,0.3,309
1480035600000,0.302,241
1480122000000,0.312,294
1480208400000,0.315,233
1480294800000,0.309,172
1480381200000,0.312,236
1480467600000,0.32,213
1480554000000,0.341,173
1480640400000,0.34,314
1480726800000,0.343,275
1480813200000,0.349,280
1480899600000,0.353,196
1480986000000,0.353,186
1481072400000,0.365,203
1481158800000,0.358,165
1481245200000,0.36,159
1481331600000,0.366,199
1481418000000,0.363,213
1481504400000,0.353,194
1481590800000,0.359,230
1481677200000,0.364,136
1481763600000,0.359,167
1481850000000,0.351,202
1481936400000,0.352,211
1482022800000,0.347,208
1482109200000,0.344,181
1482195600000,0.343,202
1482282000000,0.344,141
1482368400000,0.333,255
1482454800000,0.328,178
1482541200000,0.335,212
1482627600000,0.334,271
1482714000000,0.339,320
1482800400000,0.341,277
1482886800000,0.343,213
1482973200000,0.334,335
1483059600000,0.339,269
1483146000000,0.34,237
1483232400000,0.346,247
1483318800000,0.341,288
1483405200000,0.35,218
1483491600000,0.346,253
1483578000000,0.35,226
1483664400000,0.351,276
1483750800000,0.352,302
1483837200000,0.349,314
1483923600000,0.348,268
1484010000000,0.345,346
1484096400000,0.346,255
1484182800000,0.345,243
1484269200000,0.344,385
1484355600000,0.339,290
1484442000000,0.344,215
1484528400000,0.345,207
1484614800000,0.339,224
1484701200000,0.349,169
1484787600000,0.341,225
1484874000000,0.327,320
1484960400000,0.333,378
1485046800000,0.33,298
1485133200000,0.335,357
1485219600000,0.336,458
1485306000000,0.329,658
1485392400000,0.343,609
1485478800000,0.334,213
1485565200000,0.334,350
1485651600000,0.319,312
1485738000000,0.287,128
1485824400000,0.286,156
1485910800000,0.301,117
1485997200000,0.31,107
1486083600000,0.304,133
1486170000000,0.317,127
1486256400000,0.31,139
1486342800000,0.314,126
1486429200000,0.318,113
1486515600000,0.315,95
1486602000000,0.31,88
1486688400000,0.315,135
1486774800000,0.313,144
1486861200000,0.317,121
1486947600000,0.316,72
1487034000000,0.318,115
1487120400000,0.314,81
1487206800000,0.304,109
1487293200000,0.308,136
1487379600000,0.314,135
1487466000000,0.315,146
1487552400000,0.312,169
1487638800000,0.294,191
1487725200000,0.298,165
1487811600000,0.312,161
1487898000000,0.306,205
1487984400000,0.306,182
1488070800000,0.313,169
1488157200000,0.303,162
1488243600000,0.308,180
1488330000000,0.308,170
1488416400000,0.313,165
1488502800000,0.31,177
1488589200000,0.318,210
1488675600000,0.327,154
1488762000000,0.327,152
1488848400000,0.33,110
1488934800000,0.328,112
1489021200000,0.33,101
1489107600000,0.325,113
1489194000000,0.339,161
1489280400000,0.343,145
1489366800000,0.341,318
1489453200000,0.343,87
1489539600000,0.349,75
1489626000000,0.344,120
1489712400000,0.351,137
1489798800000,0.352,210
1489885200000,0.36,172
1489971600000,0.36,135
1490058000000,0.359,158
1490144400000,0.359,142
1490230800000,0.359,162
1490317200000,0.349,173
1490403600000,0.355,211
1490490000000,0.361,191
1490576400000,0.357,179
1490662800000,0.362,146
1490749200000,0.369,143
1490835600000,0.372,128
1490922000000,0.373,137
1491008400000,0.375,164
1491094800000,0.38,166
1491181200000,0.373,134
1491267600000,0.371,143
1491354000000,0.378,88
1491440400000,0.373,123
1491526800000,0.381,116
1491613200000,0.38,170
1491699600000,0.381,129
1491786000000,0.377,126
1491872400000,0.376,111
1491958800000,0.371,120
1492045200000,0.371,169
1492131600000,0.388,124
1492218000000,0.404,117
1492304400000,0.407,94
1492390800000,0.396,131
1492477200000,0.408,101
1492563600000,0.408,95
1492650000000,0.411,106
1492736400000,0.414,107
1492822800000,0.404,156
1492909200000,0.411,111
1492995600000,0.394,98
1493082000000,0.402,117
1493168400000,0.404,107
1493254800000,0.394,154
1493341200000,0.404,166
1493427600000,0.419,139
1493514000000,0.421,102
1493600400000,0.421,128
1493686800000,0.412,132
1493773200000,0.42,110
1493859600000,0.423,114
1493946000000,0.406,129
1494032400000,0.404,191
1494118800000,0.412,174
1494205200000,0.413,103
1494291600000,0.407,137
1494378000000,0.417,90
1494464400000,0.419,117
1494550800000,0.424,98
1494637200000,0.427,124
1494723600000,0.432,100
1494810000000,0.415,91
1494896400000,0.425,82
1494982800000,0.43,75
1495069200000,0.424,84
1495155600000,0.417,117
1495242000000,0.433,94
1495328400000,0.425,96
1495414800000,0.41,98
1495501200000,0.427,72
1495587600000,0.349,222
1495674000000,0.397,134
1495760400000,0.43,107
1495846800000,0.427,117
1495933200000,0.424,135
1496019600000,0.426,95
1496106000000,0.425,102
1496192400000,0.432,139
1496278800000,0.432,121
1496365200000,0.426,115
1496451600000,0.428,106
1496538000000,0.422,109
1496624400000,0.418,84
1496710800000,0.426,90
1496797200000,0.443,105
1496883600000,0.425,88
1496970000000,0.429,51
1497056400000,0.424,113
1497142800000,0.416,125
1497229200000,0.43,69
1497315600000,0.423,81
1497402000000,0.419,70
1497488400000,0.437,70
1497574800000,0.418,78
1497661200000,0.426,72
1497747600000,0.422,84
1497834000000,0.401,83
1497920400000,0.396,64
1498006800000,0.396,62
1498093200000,0.384,95
1498179600000,0.356,114
1498266000000,0.366,90
1498352400000,0.366,112
1498438800000,0.386,93
1498525200000,0.385,104
1498611600000,0.38,103
1498698000000,0.378,142
1498784400000,0.39,142
1498870800000,0.392,93
1498957200000,0.399,125
1499043600000,0.389,101
1499130000000,0.394,124
1499216400000,0.388,117
1499302800000,0.402,100
1499389200000,0.411,110
1499475600000,0.374,92
1499562000000,0.353,90
1499648400000,0.357,83
1499734800000,0.387,91
1499821200000,0.388,68
1499907600000,0.391,50
1499994000000,0.387,92
1500080400000,0.369,72
1500166800000,0.366,83
1500253200000,0.392,77
1500339600000,0.388,80
1500426000000,0.388,69
1500512400000,0.374,67
1500598800000,0.385,81
1500685200000,0.382,68
1500771600000,0.351,134
1500858000000,0.341,80
1500944400000,0.355,63
1501030800000,0.35,95
1501117200000,0.355,45
1501203600000,0.348,52
1501290000000,0.369,61
1501376400000,0.371,50
1501462800000,0.358,60
1501549200000,0.36,69
1501635600000,0.365,73
1501722000000,0.362,61
1501808400000,0.36,56
1501894800000,0.362,55
1501981200000,0.352,66
1502067600000,0.353,62
1502154000000,0.358,65
1502240400000,0.361,73
1502326800000,0.353,42
1502413200000,0.352,60
1502499600000,0.354,56
1502586000000,0.349,99
1502672400000,0.311,73
1502758800000,0.331,56
1502845200000,0.331,62
1502931600000,0.341,56
1503018000000,0.358,61
1503104400000,0.341,85
1503190800000,0.33,94
1503277200000,0.356,75
1503363600000,0.342,50
1503450000000,0.35,160
1503536400000,0.359,55
1503622800000,0.345,42
1503709200000,0.349,76
1503795600000,0.351,71
1503882000000,0.35,56
1503968400000,0.374,54
1504054800000,0.375,55
1504141200000,0.365,28
1504227600000,0.374,56
1504314000000,0.371,42
1504400400000,0.384,46
1504486800000,0.388,55
1504573200000,0.383,66
1504659600000,0.367,49
1504746000000,0.368,37
1504832400000,0.374,52
1504918800000,0.38,58
1505005200000,0.362,97
1505091600000,0.356,74
1505178000000,0.355,48
1505264400000,0.379,45
1505350800000,0.373,35
1505437200000,0.373,61
1505523600000,0.382,83
1505610000000,0.362,84
1505696400000,0.369,65
1505782800000,0.385,41
1505869200000,0.377,49
1505955600000,0.369,47
1506042000000,0.378,46
1506128400000,0.386,84
1506214800000,0.38,51
1506301200000,0.369,51
1506387600000,0.392,58
1506474000000,0.387,53
1506560400000,0.372,56
1506646800000,0.373,76
1506733200000,0.37,91
1506819600000,0.383,78
1506906000000,0.376,56
1506992400000,0.371,56
1507078800000,0.365,47
1507165200000,0.363,68
1507251600000,0.365,62
1507338000000,0.378,97
1507424400000,0.374,74
1507510800000,0.366,78
1507597200000,0.38,53
1507683600000,0.374,48
1507770000000,0.364,74
1507856400000,0.387,66
1507942800000,0.383,60
1508029200000,0.392,66
1508115600000,0.382,50
1508202000000,0.399,73
1508288400000,0.393,65
1508374800000,0.386,60
1508461200000,0.369,83
1508547600000,0.396,77
1508634000000,0.394,68
1508720400000,0.387,43
1508806800000,0.378,41
1508893200000,0.387,49
1508979600000,0.401,41
1509066000000,0.404,52
1509152400000,0.403,59
1509238800000,0.377,57
1509325200000,0.376,69
1509411600000,0.387,42
1509498000000,0.404,48
1509584400000,0.41,34
1509670800000,0.394,46
1509757200000,0.405,48
1509843600000,0.412,41
1509930000000,0.401,35
1510016400000,0.384,42
1510102800000,0.4,36
1510189200000,0.405,26
1510275600000,0.414,39
1510362000000,0.403,40
1510448400000,0.397,35
1510534800000,0.372,37
1510621200000,0.367,40
1510707600000,0.401,58
1510794000000,0.42,43
1510880400000,0.414,54
1510966800000,0.409,46
1511053200000,0.426,39
1511139600000,0.424,30
1511226000000,0.438,29
1511312400000,0.406,21
1511398800000,0.393,34
1511485200000,0.406,46
1511571600000,0.386,37
1511658000000,0.382,39
1511744400000,0.383,47
1511830800000,0.378,41
1511917200000,0.405,37
1512003600000,0.42,34
1512090000000,0.424,33
1512176400000,0.424,31
1512262800000,0.434,41
1512349200000,0.453,42
1512435600000,0.434,38
1512522000000,0.443,37
1512608400000,0.428,40
1512694800000,0.424,44
1512781200000,0.408,47
1512867600000,0.407,47
1512954000000,0.403,44
1513040400000,0.402,58
1513126800000,0.384,46
1513213200000,0.41,27
1513299600000,0.431,48
1513386000000,0.438,44
1513472400000,0.411,41
1513558800000,0.426,35
1513645200000,0.461,34
1513731600000,0.457,32
1513818000000,0.382,29
1513904400000,0.374,49
1513990800000,0.375,47
1514077200000,0.363,46
1514163600000,0.377,36
1514250000000,0.379,38
1514336400000,0.379,71
1514422800000,0.365,54
1514509200000,0.375,29
1514595600000,0.355,34
1514682000000,0.353,49
1514768400000,0.337,70
1514854800000,0.362,36
1514941200000,0.345,55
1515027600000,0.356,45
1515114000000,0.352,42
1515200400000,0.362,45
1515286800000,0.375,49
1515373200000,0.392,19
1515459600000,0.42,30
1515546000000,0.41,36
1515632400000,0.398,44
1515718800000,0.387,41
1515805200000,0.415,68
1515891600000,0.398,44
1515978000000,0.397,41
1516064400000,0.385,43
1516150800000,0.403,52
1516237200000,0.401,43
1516323600000,0.411,40
1516410000000,0.403,52
1516496400000,0.404,40
1516582800000,0.398,43
1516669200000,0.415,57
1516755600000,0.422,30
1516842000000,0.411,46
1516928400000,0.402,52
1517014800000,0.392,54
1517101200000,0.378,66
1517187600000,0.378,61
1517274000000,0.401,45
1517360400000,0.425,31
1517446800000,0.433,28
1517533200000,0.439,31
1517619600000,0.433,31
1517706000000,0.435,51
1517792400000,0.436,30
1517878800000,0.459,33
1517965200000,0.445,28
1518051600000,0.457,30
1518138000000,0.449,18
1518224400000,0.418,39
1518310800000,0.429,43
1518397200000,0.437,45
1518483600000,0.435,23
1518570000000,0.422,26
1518656400000,0.399,36
1518742800000,0.403,31
1518829200000,0.414,43
1518915600000,0.418,48
1519002000000,0.416,44
1519088400000,0.421,24
1519174800000,0.435,43
1519261200000,0.439,36
1519347600000,0.432,34
1519434000000,0.435,26
1519520400000,0.432,33
1519606800000,0.444,24
1519693200000,0.453,53
1519779600000,0.459,34
1519866000000,0.457,35
1519952400000,0.46,33
1520038800000,0.457,58
1520125200000,0.456,46
1520211600000,0.461,46
1520298000000,0.474,18
1520384400000,0.487,22
1520470800000,0.463,29
1520557200000,0.454,26
1520643600000,0.484,40
1520730000000,0.478,28
1520816400000,0.496,20
1520902800000,0.511,22
1520989200000,0.493,21
1521075600000,0.528,26
1521162000000,0.501,23
1521248400000,0.545,36
1521334800000,0.507,16
1521421200000,0.513,21
1521507600000,0.527,32
1521594000000,0.534,13
1521680400000,0.515,15
1521766800000,0.498,8
1521853200000,0.472,29
1521939600000,0.489,29
1522026000000,0.472,28
1522112400000,0.469,24
1522198800000,0.442,24
1522285200000,0.489,29
1522371600000,0.456,27
1522458000000,0.431,18
1522544400000,0.452,24
1522630800000,0.478,39
1522717200000,0.481,34
1522803600000,0.493,20
1522890000000,0.5,21
1522976400000,0.502,23
1523062800000,0.526,20
1523149200000,0.527,34
1523235600000,0.525,19
1523322000000,0.519,35
1523408400000,0.523,23
1523494800000,0.53,28
1523581200000,0.542,15
1523667600000,0.538,23
1523754000000,0.541,18
1523840400000,0.547,19
1523926800000,0.53,18
1524013200000,0.527,22
1524099600000,0.505,24
1524186000000,0.515,23
1524272400000,0.536,27
1524358800000,0.537,19
1524445200000,0.547,15
1524531600000,0.53,38
1524618000000,0.548,22
1524704400000,0.566,23
1524790800000,0.549,18
1524877200000,0.516,25
1524963600000,0.51,22
1525050000000,0.506,28
1525136400000,0.517,25
1525222800000,0.502,18
1525309200000,0.512,14
1525395600000,0.514,21
1525482000000,0.491,24
1525568400000,0.52,25
1525654800000,0.527,21
1525741200000,0.537,14
1525827600000,0.489,14
1525914000000,0.514,41
1526000400000,0.496,21
1526086800000,0.525,13
1526173200000,0.498,18
1526259600000,0.516,17
1526346000000,0.513,14
1526432400000,0.523,18
1526518800000,0.521,32
1526605200000,0.502,9
1526691600000,0.479,19
1526778000000,0.471,35
1526864400000,0.465,13
1526950800000,0.455,16
1527037200000,0.47,26
1527123600000,0.474,29
1527210000000,0.475,18
1527296400000,0.461,22
1527382800000,0.459,18
1527469200000,0.467,16
1527555600000,0.453,14
1527642000000,0.475,28
1527728400000,0.486,29
1527814800000,0.467,33
1527901200000,0.481,34
1527987600000,0.479,14
1528074000000,0.48,12
1528160400000,0.491,14
1528246800000,0.5,19
1528333200000,0.497,18
1528419600000,0.518,21
1528506000000,0.486,20
1528592400000,0.475,18
1528678800000,0.502,14
1528765200000,0.44,17
1528851600000,0.439,20
1528938000000,0.453,21
1529024400000,0.509,26
1529110800000,0.498,16
1529197200000,0.449,10
1529283600000,0.44,23
1529370000000,0.448,11
1529456400000,0.449,28
1529542800000,0.445,22
1529629200000,0.413,22
1529715600000,0.345,31
1529802000000,0.347,42
1529888400000,0.339,29
1529974800000,0.397,24
1530061200000,0.38,32
1530147600000,0.343,34
1530234000000,0.394,19
1530320400000,0.41,25
1530406800000,0.456,13
1530493200000,0.455,17
1530579600000,0.416,20
1530666000000,0.398,31
1530752400000,0.414,26
1530838800000,0.462,20
1530925200000,0.489,23
1531011600000,0.505,15
1531098000000,0.48,24
1531184400000,0.493,16
1531270800000,0.518,20
1531357200000,0.479,25
1531443600000,0.498,15
1531530000000,0.517,19
1531616400000,0.497,37
1531702800000,0.481,17
1531789200000,0.535,19
1531875600000,0.535,18
1531962000000,0.529,13
1532048400000,0.534,17
1532134800000,0.498,21
1532221200000,0.516,21
1532307600000,0.524,19
1532394000000,0.538,18
1532480400000,0.514,20
1532566800000,0.507,32
1532653200000,0.528,24
1532739600000,0.546,25
1532826000000,0.501,8
1532912400000,0.513,30
1532998800000,0.572,23
1533085200000,0.571,17
1533171600000,0.566,22
1533258000000,0.563,17
1533344400000,0.556,15
1533430800000,0.557,21
1533517200000,0.542,28
1533603600000,0.558,23
1533690000000,0.53,13
1533776400000,0.538,14
1533862800000,0.54,12
1533949200000,0.536,18
1534035600000,0.549,30
1534122000000,0.476,13
1534208400000,0.499,15
1534294800000,0.511,12
1534381200000,0.527,12
1534467600000,0.514,12
1534554000000,0.522,26
1534640400000,0.527,17
1534726800000,0.538,23
1534813200000,0.532,28
1534899600000,0.535,19
1534986000000,0.563,17
1535072400000,0.547,21
1535158800000,0.565,33
1535245200000,0.585,27
1535331600000,0.619,21
1535418000000,0.614,17
1535504400000,0.594,9
1535590800000,0.605,21
1535677200000,0.571,38
1535763600000,0.605,23
1535850000000,0.571,15
1535936400000,0.584,18
1536022800000,0.58,18
1536109200000,0.563,17
1536195600000,0.608,17
1536282000000,0.572,20
1536368400000,0.539,22
1536454800000,0.518,30
1536541200000,0.554,24
1536627600000,0.566,28
1536714000000,0.569,28
1536800400000,0.559,27
1536886800000,0.589,35
1536973200000,0.608,34
1537059600000,0.653,30
1537146000000,0.666,18
1537232400000,0.74,17
1537318800000,0.678,20
1537405200000,0.739,10
1537491600000,0.777,15
1537578000000,0.707,51
1537664400000,0.648,50
1537750800000,0.674,17
1537837200000,0.666,16
1537923600000,0.666,26
1538010000000,0.679,20
1538096400000,0.657,20
1538182800000,0.667,8
1538269200000,0.669,19
1538355600000,0.689,19
1538442000000,0.681,24
1538528400000,0.613,28
1538614800000,0.667,18
1538701200000,0.626,21
1538787600000,0.653,28
1538874000000,0.675,24
1538960400000,0.702,15
1539046800000,0.659,20
1539133200000,0.636,22
1539219600000,0.659,13
1539306000000,0.613,17
1539392400000,0.626,26
1539478800000,0.599,22
1539565200000,0.615,27
1539651600000,0.614,19
1539738000000,0.612,30
1539824400000,0.609,10
1539910800000,0.601,20
1539997200000,0.626,22
1540083600000,0.626,26
1540170000000,0.623,19
1540256400000,0.611,17
1540342800000,0.621,21
1540429200000,0.606,10
1540515600000,0.59,15
1540602000000,0.596,10
1540688400000,0.585,8
1540774800000,0.58,11
1540861200000,0.547,20
1540947600000,0.554,13
1541034000000,0.584,24
1541120400000,0.594,17
1541206800000,0.615,14
1541293200000,0.643,26
1541379600000,0.633,13
1541466000000,0.604,23
1541552400000,0.634,9
1541638800000,0.582,24
1541725200000,0.604,15
1541811600000,0.629,27
1541898000000,0.652,11
1541984400000,0.655,22
1542070800000,0.63,8
1542157200000,0.627,15
1542243600000,0.66,20
1542330000000,0.657,18
1542416400000,0.637,15
1542502800000,0.61,24
1542589200000,0.583,18
1542675600000,0.619,18
1542762000000,0.6,14
1542848400000,0.611,16
1542934800000,0.572,27
1543021200000,0.585,23
1543107600000,0.612,23
1543194000000,0.595,22
1543280400000,0.577,10
1543366800000,0.607,19
1543453200000,0.609,20
1543539600000,0.616,24
1543626000000,0.594,25
1543712400000,0.61,15
1543798800000,0.635,16
1543885200000,0.593,18
1543971600000,0.63,21
1544058000000,0.633,19
1544144400000,0.647,22
1544230800000,0.66,46
1544317200000,0.635,27
1544403600000,0.627,19
1544490000000,0.688,25
1544576400000,0.725,28
1544662800000,0.733,27
1544749200000,0.712,32
1544835600000,0.735,57
1544922000000,0.747,37
1545008400000,0.712,31
1545094800000,0.763,21
1545181200000,0.741,36
1545267600000,0.729,25
1545354000000,0.721,31
1545440400000,0.736,40
1545526800000,0.69,23
1545613200000,0.675,39
1545699600000,0.646,30
1545786000000,0.633,35
1545872400000,0.683,26
1545958800000,0.693,27
1546045200000,0.658,37
1546131600000,0.714,23
1546218000000,0.692,17
1546304400000,0.736,26
1546390800000,0.728,26
1546477200000,0.689,34
1546563600000,0.744,20
1546650000000,0.736,32
1546736400000,0.74,22
1546822800000,0.728,34
1546909200000,0.747,39
1546995600000,0.803,33
1547082000000,0.823,26
1547168400000,0.815,24
1547254800000,0.822,22
1547341200000,0.819,21
1547427600000,0.849,14
1547514000000,0.826,23
1547600400000,0.815,19
1547686800000,0.828,26
1547773200000,0.852,25
1547859600000,0.855,16
1547946000000,0.844,16
1548032400000,0.898,22
1548118800000,1.001,15
1548205200000,1.032,11
1548291600000,0.976,13
1548378000000,1.001,13
1548464400000,0.978,19
1548550800000,0.984,18
1548637200000,0.971,22
1548723600000,0.987,16
1548810000000,0.954,23
1548896400000,1.01,15
1548982800000,0.868,13
1549069200000,0.857,24
1549155600000,0.886,18
1549242000000,0.904,11
1549328400000,0.827,21
1549414800000,0.88,14
1549501200000,0.841,29
1549587600000,0.862,27
1549674000000,0.812,19
1549760400000,0.752,18
1549846800000,0.766,19
1549933200000,0.772,20
1550019600000,0.828,18
1550106000000,0.853,18
1550192400000,0.888,14
1550278800000,0.874,13
1550365200000,0.847,26
1550451600000,0.919,13
1550538000000,0.883,22
1550624400000,0.947,10
1550710800000,0.94,13
1550797200000,0.988,21
1550883600000,0.959,17
1550970000000,1.001,29
1551056400000,0.946,18
1551142800000,0.885,9
1551229200000,0.897,21
1551315600000,0.974,18
1551402000000,0.977,27
1551488400000,0.979,38
1551574800000,0.931,30
1551661200000,0.924,35
1551747600000,0.946,37
1551834000000,0.941,20
1551920400000,0.958,12
1552006800000,0.98,20
1552093200000,0.97,32
1552179600000,0.965,28
1552266000000,0.978,20
1552352400000,0.991,13
1552438800000,1.007,14
1552525200000,0.994,33
1552611600000,1.059,47
1552698000000,1.082,32
1552784400000,1.093,21
1552870800000,1.091,24
1552957200000,1.05,19
1553043600000,1.12,18
1553130000000,1.064,20
1553216400000,1.071,21
1553302800000,1.054,22
1553389200000,1.024,21
1553475600000,1.041,8
1553562000000,0.948,13
1553648400000,0.955,22
1553734800000,0.932,27
1553821200000,0.91,26
1553907600000,0.913,30
1553994000000,0.945,16
1554080400000,0.949,18
1554166800000,0.941,25
1554253200000,0.956,21
1554339600000,1.014,18
1554426000000,1.017,22
1554512400000,1.018,23
1554598800000,1.054,32
1554685200000,1.014,16
1554771600000,1.03,20
1554858000000,0.976,14
1554944400000,1.028,13
1555030800000,1.026,19
1555117200000,1.043,20
1555203600000,0.991,14
1555290000000,0.984,21
1555376400000,1.002,17
1555462800000,1.021,19
1555549200000,1.008,12
1555635600000,0.986,14
1555722000000,0.966,32
1555808400000,0.943,16
1555894800000,0.947,28
1555981200000,1.012,20
1556067600000,0.999,16
1556154000000,1.035,16
1556240400000,1.029,17
1556326800000,1.031,24
1556413200000,0.987,18
1556499600000,0.994,14
1556586000000,0.952,15
1556672400000,1.014,25
1556758800000,1.052,13
1556845200000,0.976,20
1556931600000,1.065,22
1557018000000,1.061,24
1557104400000,1.082,16
1557190800000,1.019,25
1557277200000,0.993,15
1557363600000,1.038,13
1557450000000,1.032,16
1557536400000,1.02,15
1557622800000,1.007,12
1557709200000,1.024,16
1557795600000,0.974,15
1557882000000,0.984,30
1557968400000,0.996,14
1558054800000,0.987,23
1558141200000,0.995,16
1558227600000,1.025,18
1558314000000,1.03,10
1558400400000,1.12,58
1558486800000,1.137,14
1558573200000,1.059,30
1558659600000,1.058,16
1558746000000,1.183,19
1558832400000,1.163,34
1558918800000,1.181,6
1559005200000,1.165,14
1559091600000,1.122,19
1559178000000,1.033,22
1559264400000,1.038,18
1559350800000,1.146,12
1559437200000,1.095,12
1559523600000,1.171,9
1559610000000,1.121,21
1559696400000,1.123,27
1559782800000,1.125,9
1559869200000,1.115,16
1559955600000,1.124,22
1560042000000,1.109,8
1560128400000,1.069,18
1560214800000,1.042,21
1560301200000,1.044,7
1560387600000,1.144,24
1560474000000,1.113,13
1560560400000,1.109,14
1560646800000,1.125,16
1560733200000,1.111,21
1560819600000,1.062,17
1560906000000,1.095,13
1560992400000,1.086,17
1561078800000,1.224,22
1561165200000,1.2,20
1561251600000,1.218,19
1561338000000,1.26,16
1561424400000,1.248,23
1561510800000,1.159,26
1561597200000,1.077,19
1561683600000,1.124,30
1561770000000,1.19,16
1561856400000,1.132,20
1561942800000,1.121,19
1562029200000,1.122,15
1562115600000,1.164,12
1562202000000,1.094,16
1562288400000,1.076,20
1562374800000,1.12,19
1562461200000,1.089,11
1562547600000,1.121,20
1562634000000,1.151,19
1562720400000,1.114,16
1562806800000,1.25,11
1562893200000,1.271,9
1562979600000,1.274,10
1563066000000,1.261,17
1563152400000,1.285,25
1563238800000,1.294,24
1563325200000,1.286,19
1563411600000,1.317,28
1563498000000,1.405,16
1563584400000,1.307,24
1563670800000,1.47,9
1563757200000,1.392,18
1563843600000,1.319,24
1563930000000,1.237,8
1564016400000,1.454,13
1564102800000,1.428,19
1564189200000,1.423,3
1564275600000,1.284,9
1564362000000,1.245,18
1564448400000,1.302,26
1564534800000,1.297,17
1564621200000,1.253,8
1564707600000,1.247,24
1564794000000,1.244,30
1564880400000,1.304,20
1564966800000,1.362,19
1565053200000,1.419,13
1565139600000,1.349,32
1565226000000,1.31,29
1565312400000,1.337,11
1565398800000,1.407,11
1565485200000,1.339,18
1565571600000,1.361,9
1565658000000,1.348,30
1565744400000,1.324,18
1565830800000,1.4,16
1565917200000,1.438,19
1566003600000,1.455,14
1566090000000,1.449,9
1566176400000,1.373,17
1566262800000,1.378,20
1566349200000,1.392,8
1566435600000,1.358,14
1566522000000,1.346,12
1566608400000,1.303,16
1566694800000,1.312,18
1566781200000,1.376,19
1566867600000,1.39,9
1566954000000,1.411,4
1567040400000,1.417,12
1567126800000,1.383,20
1567213200000,1.452,19
1567299600000,1.346,14
1567386000000,1.382,18
1567472400000,1.387,9
1567558800000,1.434,18
1567645200000,1.421,10
1567731600000,1.444,18
1567818000000,1.466,24
1567904400000,1.413,25
1567990800000,1.278,17
1568077200000,1.328,16
1568163600000,1.458,15
1568250000000,1.549,35
1568336400000,1.703,32
1568422800000,1.641,16
1568509200000,1.515,19
1568595600000,1.668,22
1568682000000,1.757,16
1568768400000,1.854,7
1568854800000,1.705,9
1568941200000,1.716,19
1569027600000,1.685,14
1569114000000,1.711,11
1569200400000,1.654,13
1569286800000,1.582,8
1569373200000,1.621,17
1569459600000,1.605,12
1569546000000,1.594,8
1569632400000,1.597,15
1569718800000,1.605,12
1569805200000,1.586,15
1569891600000,1.59,15
1569978000000,1.613,15
1570064400000,1.612,15
1570150800000,1.711,20
1570237200000,1.717,17
1570323600000,1.786,16
1570410000000,1.649,16
1570496400000,1.583,8
1570582800000,1.715,16
1570669200000,1.714,9
1570755600000,1.678,16
1570842000000,1.7,18
1570928400000,1.756,13
1571014800000,1.704,11
1571101200000,1.679,11
1571187600000,1.731,9
1571274000000,1.672,12
1571360400000,1.655,6
1571446800000,1.603,15
1571533200000,1.557,18
1571619600000,1.571,12
1571706000000,1.565,24
1571792400000,1.615,10
1571878800000,1.547,19
1571965200000,1.526,8
1572051600000,1.514,14
1572138000000,1.614,17
1572224400000,1.685,18
1572310800000,1.533,24
1572397200000,1.497,5
1572483600000,1.479,10
1572570000000,1.409,22
1572656400000,1.486,10
1572742800000,1.605,25
1572829200000,1.768,10
1572915600000,1.46,10
1573002000000,1.459,14
1573088400000,1.486,16
1573174800000,1.631,22
1573261200000,1.531,11
1573347600000,1.488,12
1573434000000,1.453,28
1573520400000,1.582,70
1573606800000,1.602,2
1573693200000,1.515,12
1573779600000,1.42,4
1573866000000,1.488,16
1573952400000,1.482,12
1574038800000,1.423,4
1574125200000,1.208,40
1574211600000,1.079,15
1574298000000,1.082,16
1574384400000,1.053,17
1574470800000,1.081,17
1574557200000,1.144,15
1574643600000,1.122,20
1574730000000,1.168,29
1574816400000,1.065,10
1574902800000,1.077,17
1574989200000,1.105,27
1575075600000,1.207,10
1575162000000,1.124,14
1575248400000,1.18,25
1575334800000,1.153,12
1575421200000,1.2,15
1575507600000,1.236,16
1575594000000,1.279,12
1575680400000,1.379,23
1575766800000,1.419,11
1575853200000,1.383,12
1575939600000,1.397,18
1576026000000,1.288,26
1576112400000,1.317,13
1576198800000,1.345,19
1576285200000,1.344,19
1576371600000,1.333,22
1576458000000,1.32,25
1576544400000,1.311,16
1576630800000,1.303,32
1576717200000,1.296,24
1576803600000,1.332,18
1576890000000,1.363,11
1576976400000,1.344,18
1577062800000,1.377,17
1577149200000,1.412,9
1577235600000,1.362,19
1577322000000,1.424,19
1577408400000,1.345,20
1577494800000,1.434,10
1577581200000,1.379,27
1577667600000,1.442,11
1577754000000,1.489,17
1577840400000,1.424,11
1577926800000,1.506,20
1578013200000,1.628,24
1578099600000,1.66,11
1578186000000,1.573,22
1578358800000,1.652,10
1578445200000,1.662,7
1578531600000,1.603,30
1578618000000,1.671,9
1578704400000,1.717,16
1578790800000,1.63,10
1578877200000,1.6,15
1578963600000,1.616,15
1579050000000,1.696,16
1579136400000,1.671,19
1579222800000,1.729,16
1579309200000,1.762,9
1579395600000,1.838,7
1579482000000,1.767,13
1579568400000,1.792,12
1579654800000,1.716,12
1579741200000,1.652,9
1579827600000,1.556,16
1579914000000,1.553,18
1580000400000,1.726,18
1580086800000,1.739,19
1580173200000,1.721,14
1580259600000,1.695,11
1580346000000,1.664,3
1580432400000,1.771,15
1580518800000,1.752,16
1580605200000,1.77,9
1580691600000,1.779,13
1580778000000,1.842,12
1580864400000,1.797,17
1580950800000,1.781,19
1581037200000,1.72,15
1581123600000,1.763,15
1581210000000,1.745,13
1581296400000,1.734,9
1581382800000,1.818,10
1581469200000,1.733,15
1581555600000,1.751,13
1581642000000,1.81,16
1581728400000,1.81,9
1581814800000,1.773,14
1581901200000,1.88,14
1581987600000,1.822,9
1582074000000,1.878,25
1582160400000,1.883,5
1582246800000,1.841,7
1582333200000,1.78,33
1582419600000,1.788,17
1582506000000,1.866,7
1582592400000,1.742,6
1582678800000,1.673,18
1582765200000,1.62,16
1582851600000,1.648,18
1582938000000,1.619,15
1583024400000,1.595,17
1583110800000,1.59,13
1583197200000,1.605,18
1583283600000,1.664,24
1583370000000,1.667,31
1583456400000,1.763,11
1583542800000,1.788,20
1583629200000,1.778,13
1583715600000,1.829,14
1583802000000,1.741,18
1583888400000,1.821,14
1583974800000,1.857,14
1584061200000,1.777,18
1584147600000,1.806,14
1584234000000,1.768,8
1584320400000,1.735,12
1584406800000,1.632,14
1584493200000,1.65,15
1584579600000,1.594,20
1584666000000,1.652,22
1584752400000,1.612,20
1584838800000,1.576,18
1584925200000,1.604,19
1585011600000,1.533,16
1585098000000,1.552,17
1585184400000,1.651,17
1585270800000,1.657,13
1585357200000,1.599,15
1585443600000,1.568,15
1585530000000,1.542,15
1585616400000,1.493,23
1585702800000,1.541,49
1585789200000,1.544,18
1585875600000,1.508,28
1585962000000,1.467,28
1586048400000,1.506,36
1586134800000,1.515,28
1586221200000,1.536,31
1586307600000,1.585,23
1586394000000,1.589,26
1586480400000,1.597,32
1586566800000,1.635,30
1586653200000,1.637,28
1586739600000,1.646,27
1586826000000,1.652,44
1586912400000,1.667,32
1586998800000,1.63,26
1587085200000,1.715,34
1587171600000,1.731,35
1587258000000,1.666,16
1587344400000,1.66,20
1587430800000,1.639,22
1587517200000,1.686,35
1587603600000,1.72,18
1587690000000,1.699,20
1587776400000,1.626,42
1587862800000,1.668,24
1587949200000,1.636,19
1588035600000,1.676,41
1588122000000,1.609,37
1588208400000,1.686,33
1588294800000,1.661,31
1588381200000,1.723,32
1588467600000,1.717,38
1588554000000,1.721,30
1588640400000,1.716,26
1588726800000,1.721,25
1588813200000,1.683,14
1588899600000,1.65,14
1588986000000,1.643,27
1589072400000,1.663,20
1589158800000,1.693,26
1589245200000,1.712,22
1589331600000,1.696,26
1589418000000,1.712,19
1589504400000,1.72,23
1589590800000,1.781,18
1589677200000,1.711,13
1589763600000,1.748,11
1589850000000,1.757,17
1589936400000,1.777,21
1590022800000,1.838,9
1590109200000,1.811,22
1590195600000,1.851,20
1590282000000,1.838,29
1590368400000,1.813,18
1590454800000,1.764,10
1590541200000,1.694,23
1590627600000,1.578,19
1590714000000,1.626,26
1590800400000,1.73,32
1590886800000,1.72,19
1590973200000,1.839,14
1591059600000,1.899,15
1591146000000,1.977,15
1591232400000,2.002,17
1591318800000,2.054,16
1591405200000,2.067,13
1591491600000,2.11,14
1591578000000,2.091,14
1591664400000,2.111,16
1591750800000,1.984,24
1591837200000,2.156,25
1591923600000,2.201,11
1592010000000,2.292,23
1592096400000,2.219,10
1592182800000,2.508,14
1592269200000,2.533,18
1592355600000,2.429,14
1592442000000,2.187,18
1592528400000,2.361,17
1592614800000,2.598,17
1592701200000,2.483,13
1592787600000,2.251,16
1592874000000,2.251,14
1592960400000,2.186,11
1593046800000,2.138,20
1593133200000,2.04,8
1593219600000,1.994,29
1593306000000,1.979,19
1593392400000,2.055,20
1593478800000,2.06,13
1593565200000,2.074,25
1593651600000,2.174,30
1593738000000,2.378,22
1593824400000,2.552,13
1593910800000,2.274,10
1593997200000,2.375,28
1594083600000,2.48,21
1594170000000,2.434,29
1594256400000,2.532,10
1594342800000,2.699,14
1594429200000,2.718,18
1594515600000,2.762,8
1594602000000,3.093,9
1594688400000,3.087,12
1594774800000,2.922,6
1594861200000,3.174,6
1594947600000,2.857,22
1595034000000,2.876,11
1595120400000,3.077,9
1595206800000,3.098,14
1595293200000,2.93,22
1595379600000,3.185,16
1595466000000,3.266,30
1595552400000,3.733,20
1595638800000,4.531,22
1595725200000,5.199,23
1595811600000,5.196,21
1595898000000,5.271,13
1595984400000,4.831,17
1596070800000,5.319,20
1596157200000,4.757,10
1596243600000,4.701,15
1596330000000,4.477,10
1596416400000,4.504,4
1596502800000,4.078,22
1596589200000,4.142,10
1596675600000,3.782,17
1596762000000,3.791,17
1596848400000,4.275,9
1596934800000,3.91,12
1597021200000,3.808,4
1597107600000,3.725,10
1597194000000,3.676,13
1597280400000,3.499,7
1597366800000,3.454,5
1597453200000,3.536,19
1597539600000,3.366,17
1597626000000,3.01,9
1597712400000,3.258,12
1597798800000,2.895,8
1597885200000,3.347,10
1597971600000,2.845,14
1598058000000,3.007,12
1598144400000,3.14,10
1598230800000,2.979,20
1598317200000,2.954,20
1598403600000,2.885,11
1598490000000,2.994,5
1598576400000,3.049,12
1598662800000,3.092,5
1598749200000,2.726,9
1598835600000,2.618,8
1598922000000,2.87,17
1599008400000,2.965,14
1599094800000,2.955,6
1599181200000,2.904,7
1599267600000,2.756,12
1599354000000,2.496,8
1599440400000,2.655,12
1599526800000,2.747,16
1599613200000,2.768,18
1599699600000,2.679,14
1599786000000,2.725,17
1599872400000,2.854,6
1599958800000,2.727,13
1600045200000,2.802,16
1600131600000,2.979,26
1600218000000,2.982,30
1600304400000,3.09,12
1600390800000,3.106,9
1600477200000,3.039,20
1600563600000,2.978,19
1600650000000,3.016,15
1600736400000,2.888,15
1600822800000,2.808,17
1600909200000,2.787,11
1600995600000,2.824,11
1601082000000,3.027,21
1601168400000,3.221,14
1601254800000,3.166,16
1601341200000,3.149,11
1601427600000,3.147,6
1601514000000,2.915,9
1601600400000,2.854,12
1601686800000,3.197,20
1601773200000,3.11,8
1601859600000,3.025,12
1601946000000,2.6,10
1602032400000,2.808,10
1602118800000,2.745,18
1602205200000,2.797,15
1602291600000,2.92,38
1602378000000,2.951,5
1602464400000,3.035,9
1602550800000,3.014,4
1602637200000,3.068,9
1602723600000,3.224,9
1602810000000,3.176,6
1602896400000,2.998,9
1602982800000,2.991,5
1603069200000,2.938,7
1603155600000,2.891,6
1603242000000,3.124,9
1603328400000,3.07,14
1603414800000,2.974,10
1603501200000,3.119,13
1603587600000,2.979,10
1603674000000,2.884,16
1603760400000,2.954,8
1603846800000,2.865,8
1603933200000,2.921,5
1604019600000,2.991,16
1604106000000,2.971,11
1604192400000,2.683,12
1604278800000,2.828,10
1604365200000,2.789,9
1604451600000,2.81,21
1604538000000,2.971,7
1604624400000,2.728,14
1604710800000,2.825,12
1604797200000,2.779,16
1604883600000,2.855,18
1604970000000,2.965,11
1605056400000,2.871,6
1605142800000,2.858,22
1605229200000,2.776,17
1605315600000,2.908,2
1605402000000,2.776,10
1605488400000,2.732,6
1605574800000,2.647,11
1605661200000,2.813,7
1605747600000,2.796,12
1605834000000,2.714,5
1605920400000,2.73,10
1606006800000,2.762,11
1606093200000,2.9,13
1606179600000,2.982,6
1606266000000,2.827,10
1606352400000,2.742,10
1606438800000,2.748,12
1606525200000,2.527,5
1606611600000,2.452,9
1606698000000,2.422,16
1606784400000,2.409,19
1606870800000,2.542,17
1606957200000,2.379,11
1607043600000,1.999,13
1607130000000,2.162,13
1607216400000,2.091,21
1607302800000,2.021,6
1607389200000,2.165,11
1607475600000,1.916,16
1607562000000,1.95,13
1607648400000,2.144,15
1607734800000,2.122,7
1607821200000,2.135,15
1607907600000,2.214,9
1607994000000,2.359,13
1608080400000,2.283,18
1608166800000,2.369,8
1608253200000,2.297,7
1608339600000,2.328,13
1608426000000,2.299,8
1608512400000,2.341,15
1608598800000,2.373,13
1608685200000,2.357,19
1608771600000,2.43,10
1608858000000,2.342,16
1608944400000,2.503,26
1609030800000,2.487,11
1609117200000,2.439,17
1609203600000,2.494,15
1609290000000,2.538,17
1609376400000,2.676,11
1609462800000,2.605,15
1609549200000,2.634,12
1609635600000,2.759,21
1609722000000,2.786,7
1609808400000,2.706,19
1609894800000,2.6,6
1609981200000,2.742,12
1610067600000,2.69,12
1610154000000,2.804,7
1610240400000,2.751,13
1610326800000,2.863,12
1610413200000,2.696,18
1610499600000,2.831,12
1610586000000,2.921,14
1610672400000,2.979,18
1610758800000,2.995,13
1610845200000,2.683,5
1610931600000,2.747,28
1611018000000,2.728,34
1611104400000,2.765,13
1611190800000,2.867,21
1611277200000,3.015,15
1611363600000,3.029,20
1611450000000,2.944,24
1611536400000,3.047,6
1611622800000,2.893,14
1611709200000,3.083,10
1611795600000,2.718,19
1611882000000,2.571,7
1611968400000,2.614,12
1612054800000,2.67,16
1612141200000,2.753,16
1612227600000,2.59,6
1612314000000,2.557,12
1612400400000,2.679,12
1612486800000,2.585,23
1612573200000,2.541,13
1612659600000,2.544,7
1612746000000,2.618,6
1612832400000,2.617,6
1612918800000,2.683,11
1613005200000,2.672,10
1613091600000,2.721,7
1613178000000,2.607,18
1613264400000,2.79,21
1613350800000,2.799,15
1613437200000,2.931,11
1613523600000,2.729,13
1613610000000,2.873,17
1613696400000,3.02,5
1613782800000,2.976,11
1613869200000,3.069,14
1613955600000,3.016,11
1614042000000,2.916,13
1614128400000,3.244,20
1614214800000,3.093,18
1614301200000,3.123,19
1614387600000,3.113,21
1614474000000,3.151,12
1614560400000,3.009,19
1614646800000,2.891,15
1614733200000,2.991,12
1614819600000,2.936,11
1614906000000,3.058,46
1614992400000,3.226,12
1615078800000,3.2,5
1615165200000,3.113,11
1615251600000,3.245,10
1615338000000,3.102,17
1615424400000,2.919,30
1615510800000,3.272,9
1615597200000,3.242,12
1615683600000,3.2,14
1615770000000,3.202,8
1615856400000,3.193,22
1615942800000,3.182,16
1616029200000,3.169,19
1616115600000,3.065,13
1616202000000,3.113,12
1616288400000,3.02,14
1616374800000,2.957,11
1616461200000,2.914,9
1616547600000,3.085,16
1616634000000,3.1,16
1616720400000,3.109,21
1616806800000,2.846,8
1616893200000,2.955,10
1616979600000,3.068,10
1617066000000,3.157,9
1617152400000,3.232,16
1617238800000,3.286,6
1617325200000,3.114,21
1617411600000,3.308,15
1617498000000,3.34,15
1617584400000,3.3,12
1617670800000,3.354,16
1617757200000,3.353,14
1617843600000,3.045,7
1617930000000,3.003,13
1618016400000,2.977,13
1618102800000,2.975,8
1618189200000,2.848,16
1618275600000,2.895,15
1618362000000,3.041,9
1618448400000,3.045,12
1618534800000,3.061,11
1618621200000,2.837,62
1618707600000,3.028,8
1618794000000,2.951,19
1618880400000,2.907,12
1618966800000,2.717,11
1619053200000,2.988,10
1619139600000,2.772,6
1619226000000,2.763,5
1619312400000,2.732,10
1619398800000,2.858,5
1619485200000,2.916,10
1619571600000,2.692,8
1619658000000,2.764,13
1619744400000,2.814,10
1619830800000,2.899,10
1619917200000,2.835,13
1620003600000,2.87,10
1620090000000,2.981,13
1620176400000,2.854,10
1620262800000,3.052,13
1620349200000,2.935,16
1620435600000,2.963,8
1620522000000,3.082,17
1620608400000,2.997,8
1620694800000,3.029,12
1620781200000,3.03,19
1620867600000,3.04,23
1620954000000,2.972,10
1621040400000,3.059,70
1621126800000,3.083,19
1621213200000,3.13,84
1621299600000,3.137,69
1621386000000,3.154,48
1621472400000,3.192,36
1621558800000,3.291,13
1621645200000,3.342,15
1621731600000,3.318,10
1621818000000,3.336,11
1621904400000,3.37,10
1621990800000,3.22,5
1622077200000,3.152,8
1622163600000,3.007,9
1622250000000,3.187,8
1622336400000,3.136,10
1622422800000,3.194,26
1622509200000,3.165,9
1622595600000,3.039,7
1622682000000,3.095,25
1622768400000,2.911,103
1622854800000,3.325,16
1622941200000,3.935,27
1623027600000,3.715,16
1623114000000,3.758,13
1623200400000,3.807,19
1623286800000,4.018,16
1623373200000,3.964,10
1623459600000,3.505,6
1623546000000,3.435,12
1623632400000,3.681,8
1623718800000,3.282,10
1623805200000,3.912,30
1623891600000,4.576,25
1623978000000,4.642,37
1624064400000,4.528,11
1624150800000,4.236,44
1624237200000,4.425,2
1624323600000,4.395,22
1624410000000,4.34,19
1624496400000,3.988,26
1624582800000,3.529,7
1624669200000,3.52,9
1624755600000,3.418,12
1624842000000,3.468,9
1624928400000,3.523,7
1625014800000,3.33,16
1625101200000,3.241,24
1625187600000,3.523,13
1625274000000,3.348,10
1625360400000,3.409,5
1625446800000,3.671,11
1625533200000,3.502,6
1625619600000,3.68,14
1625706000000,3.699,21
1625792400000,3.779,9
1625878800000,3.816,9
1625965200000,3.45,7
1626051600000,3.377,4
1626138000000,3.631,10
1626224400000,3.295,7
1626310800000,3.353,24
1626397200000,3.188,16
1626483600000,3.173,8
1626570000000,3.478,13
1626656400000,3.339,11
1626742800000,3.142,4
1626829200000,3.015,6
1626915600000,3.11,5
1627002000000,2.971,10
1627088400000,3.083,9
1627174800000,3.145,7
1627261200000,2.993,15
1627347600000,3.201,9
1627434000000,3.419,12
1627520400000,3.33,7
1627606800000,3.379,15
1627693200000,3.183,7
1627779600000,3.478,5
1627866000000,3.302,5
1627952400000,3.256,5
1628038800000,3.531,11
1628125200000,3.674,5
1628211600000,3.784,16
1628298000000,3.669,5
1628384400000,3.611,8
1628470800000,3.292,5
1628557200000,3.761,9
1628643600000,3.523,7
1628730000000,3.518,12
1628816400000,3.392,7
1628902800000,3.188,6
1628989200000,3.293,7
1629075600000,3.448,6
1629162000000,3.385,10
1629248400000,3.42,3
1629334800000,3.578,3
1629421200000,3.47,7
1629507600000,3.398,3
1629594000000,3.211,2
1629680400000,3.089,12
1629766800000,3.138,6
1629853200000,3.215,10
1629939600000,3.333,6
1630026000000,3.426,12
1630112400000,3.36,10
1630198800000,3.338,4
1630285200000,3.312,9
1630371600000,3.263,14
1630458000000,3.028,8
1630544400000,3.222,8
1630630800000,3.004,11
1630717200000,3.351,4
1630803600000,3.388,6
1630890000000,3.346,10
1630976400000,3.402,9
1631062800000,3.57,12
1631149200000,3.514,8
1631235600000,3.423,10
1631322000000,3.418,5
1631408400000,3.551,15
1631494800000,3.4,19
1631581200000,3.092,10
1631667600000,3.436,6
1631754000000,3.401,6
1631840400000,3.587,6
1631926800000,3.607,5
1632013200000,3.516,10
1632099600000,3.558,11
1632186000000,3.493,10
1632272400000,2.854,21
1632358800000,2.84,20
1632445200000,2.69,6
1632531600000,2.796,11
1632618000000,3.084,12
1632704400000,3.206,6
1632790800000,3.07,8
1632877200000,2.984,11
1632963600000,2.314,3
1633050000000,2.917,18
1633136400000,3.111,14
1633222800000,3.088,8
1633309200000,3.254,16
1633395600000,3.512,14
1633482000000,2.556,5
1633568400000,3.019,10
1633654800000,3.367,13
1633741200000,3.247,11
1633827600000,3.357,10
1633914000000,3.457,5
1634000400000,2.514,3
1634086800000,3.368,5
1634173200000,3.29,6
1634259600000,3.33,8
1634346000000,2.868,14
1634432400000,3.307,12
1634518800000,3.398,18
1634605200000,3.252,4
1634691600000,3.593,4
1634778000000,3.484,10
1634864400000,3.3,7
1634950800000,2.683,18
1635037200000,3.06,10
1635123600000,2.98,4
1635210000000,2.953,8
1635296400000,2.829,11
1635382800000,2.907,5
1635469200000,3.023,10
1635555600000,2.947,14
1635642000000,3.151,11
1635728400000,2.993,7
1635814800000,3.139,12
1635901200000,3.046,2
1635987600000,3.191,16
1636074000000,3.319,12
1636160400000,3.474,5
1636246800000,3.452,8
1636333200000,3.021,16
1636419600000,3.142,6
1636506000000,3.587,15
1636592400000,3.077,30
1636678800000,3.156,10
1636765200000,3.36,9
1636851600000,3.148,10
1636938000000,3.25,9
1637024400000,3.297,8
1637110800000,3.194,6
1637197200000,3.199,7
1637283600000,3.174,9
1637370000000,3.224,14
1637456400000,3.167,12
1637542800000,3.31,8
1637629200000,3.395,16
1637715600000,3.302,5
1637802000000,3.093,5
1637888400000,3.209,7
1637974800000,2.915,58
1638061200000,2.566,60
1638147600000,2.277,91
1638234000000,2.338,30
1638320400000,2.468,6
1638406800000,2.586,8
1638493200000,2.996,14
1638579600000,2.67,40
1638666000000,2.8,4
1638752400000,2.557,24
1638838800000,2.418,38
1638925200000,2.45,11
1639011600000,2.409,20
1639098000000,2.411,9
1639184400000,2.428,27
1639270800000,2.261,49
1639357200000,2.237,16
1639443600000,2.393,12
1639530000000,2.495,12
1639616400000,2.426,6
1639702800000,2.298,34
1639789200000,2.377,7
1639875600000,2.59,19
1639962000000,2.815,26
1640048400000,2.64,11
1640134800000,2.906,13
1640221200000,2.755,7
1640307600000,2.961,6
1640394000000,2.787,11
1640480400000,2.832,10
1640566800000,2.678,4
1640653200000,2.719,6
1640739600000,2.328,8
1640826000000,2.897,7
1640912400000,2.942,7
1640998800000,2.817,13
1641085200000,2.942,14
1641171600000,2.72,8
1641258000000,2.702,6
1641344400000,2.599,14
1641430800000,2.801,2
1641517200000,2.81,21
1641603600000,2.853,12
1641690000000,2.812,13
1641776400000,3.026,16
1641862800000,3.143,13
1641949200000,3.069,5
1642035600000,3.026,5
1642122000000,3.225,15
1642208400000,3.21,3
1642294800000,3.209,14
1642381200000,3.285,23
1642467600000,3.258,9
1642554000000,3.281,13
1642640400000,3.182,19
1642726800000,3.341,11
1642813200000,3.447,17
1642899600000,3.599,9
1642986000000,3.743,8
1643072400000,3.63,8
1643158800000,3.704,7
1643245200000,3.279,4
1643331600000,3.332,8
1643418000000,3.384,11
1643504400000,3.388,11
1643590800000,3.599,13
1643677200000,3.182,24
1643763600000,3.089,12
1643850000000,3.264,8
1643936400000,3.366,10
1644022800000,3.228,14
1644109200000,3.087,16
1644195600000,3.262,12
1644282000000,3.317,8
1644368400000,3.088,4
1644454800000,3.313,9
1644541200000,3.459,9
1644627600000,3.551,7
1644714000000,3.186,7
1644800400000,3.718,8
1644886800000,3.613,7
1644973200000,3.435,9
1645059600000,3.792,15
1645146000000,3.694,10
1645232400000,3.477,4
1645318800000,3.729,12
1645405200000,3.375,9
1645491600000,3.671,9
1645578000000,3.54,9
1645664400000,3.285,2
1645750800000,3.303,13
1645837200000,3.247,10
1645923600000,3.403,20
1646010000000,3.784,6
1646096400000,3.342,13
1646182800000,3.327,9
1646269200000,3.672,17
1646355600000,3.842,6
1646442000000,3.774,7
1646528400000,3.242,7
1646614800000,3.602,16
1646701200000,3.605,7
1646787600000,3.554,9
1646874000000,3.686,9
1646960400000,3.979,21
1647046800000,4.029,9
1647133200000,4.25,12
1647219600000,3.992,5
1647306000000,4.164,6
1647392400000,3.69,4
1647478800000,3.823,10
1647565200000,3.892,12
1647651600000,4.225,9
1647738000000,3.827,4
1647824400000,4.165,13
1647910800000,4.3,6
1647997200000,4.017,10
1648083600000,4.039,6
1648170000000,3.914,2
1648256400000,3.828,6
1648342800000,3.559,5
1648429200000,3.894,1
1648515600000,3.638,4
1648602000000,3.798,1
1648688400000,3.708,3
1648774800000,3.839,7
1648861200000,3.966,11
1648947600000,3.94,16
1649034000000,4.112,4
1649120400000,3.752,5
1649206800000,3.982,8
1649293200000,4.109,7
1649379600000,4.139,8
1649466000000,4.154,5
1649552400000,4.269,8
1649638800000,4.106,4
1649725200000,4.138,8
1649811600000,4.348,9
1649898000000,4.286,9
1649984400000,4.164,9
1650070800000,4.668,13
1650157200000,4.263,4
1650243600000,4.06,1
1650330000000,3.989,4
1650416400000,3.9,5
1650502800000,4.066,6
1650589200000,3.564,6
1650675600000,4.195,10
1650762000000,4.606,10
1650848400000,4.135,5
1650934800000,4.164,6
1651021200000,4.379,4
1651107600000,4.429,2
1651194000000,4.477,15
1651280400000,4.589,10
1651366800000,4.355,3
1651453200000,4.371,7
1651539600000,4.34,1
1651626000000,4.371,21
1651712400000,4.379,6
1651798800000,4.531,3
1651885200000,4.424,7
1651971600000,4.51,15
1652058000000,4.582,14
1652144400000,4.729,13
1652230800000,4.848,9
1652317200000,4.738,7
1652403600000,4.776,18
1652490000000,4.617,10
1652576400000,4.462,9
1652662800000,4.385,8
1652749200000,4.557,6
1652835600000,4.626,20
1652922000000,5.116,13
1653008400000,4.95,8
1653094800000,4.874,10
1653181200000,4.304,15
1653267600000,4.53,5
1653354000000,4.513,7
1653440400000,4.221,12
1653526800000,4.51,11
1653613200000,4.481,13
1653699600000,4.583,9
1653786000000,4.33,12
1653872400000,4.15,12
1653958800000,4.118,9
1654045200000,4.362,12
1654131600000,4.221,8
1654218000000,3.278,6
1654304400000,4.11,12
1654390800000,4.033,13
1654477200000,4.257,8
1654563600000,4.364,18
1654650000000,4.2,5
1654736400000,4.225,9
1654822800000,4.468,11
1654909200000,4.563,6
1654995600000,4.26,4
1655082000000,4.275,3
1655168400000,4.167,4
1655254800000,4.086,8
1655341200000,3.952,11
1655427600000,4.141,7
1655514000000,4.041,15
1655600400000,3.685,2
1655686800000,3.822,4
1655773200000,3.989,6
1655859600000,4.112,6
1655946000000,4.004,8
1656032400000,3.68,10
1656118800000,4.012,8
1656205200000,3.893,11
1656291600000,4.018,7
1656378000000,3.859,3
1656464400000,3.783,6
1656550800000,3.943,17
1656637200000,4.016,6
1656723600000,4.238,24
1656810000000,4.399,10
1656896400000,4.292,12
1656982800000,4.109,11
1657069200000,4.376,11
1657155600000,4.433,12
1657242000000,4.44,13
1657328400000,4.515,6
1657414800000,4.41,9
1657501200000,4.006,16
1657587600000,4.437,13
1657674000000,4.603,11
1657760400000,4.528,10
1657846800000,4.601,10
1657933200000,4.62,3
1658019600000,4.571,10
1658106000000,4.597,6
1658192400000,4.608,7
1658278800000,4.771,16
1658365200000,4.724,10
1658451600000,4.985,14
1658538000000,5.794,14
1658624400000,5.828,9
1658710800000,5.977,6
1658797200000,6.088,5
1658883600000,5.497,5
1658970000000,5.435,3
1659056400000,5.597,4
1659142800000,6.002,6
1659229200000,5.772,5
1659315600000,5.61,9
1659402000000,4.955,4
1659488400000,5.04,4
1659574800000,5.027,6
1659661200000,4.8,5
1659747600000,5.027,5
1659834000000,5.198,9
1659920400000,5.305,5
1660006800000,5.851,3
1660093200000,5.53,9
1660179600000,5.558,7
1660266000000,6.017,6
1660352400000,5.633,4
1660438800000,5.544,9
1660525200000,5.61,1
1660611600000,5.26,3
1660698000000,4.777,4
1660784400000,5.248,2
1660870800000,5.346,4
1660957200000,4.668,2
1661043600000,4.648,5
1661130000000,4.673,7
1661216400000,4.85,3
1661302800000,4.604,11
1661389200000,4.389,3
1661475600000,4.341,4
1661562000000,4.474,5
1661648400000,4.571,7
1661734800000,4.989,4
1661821200000,4.62,7
1661907600000,4.52,4
1661994000000,4.583,5
1662080400000,4.669,4
1662166800000,4.117,5
1662253200000,4.397,13
1662339600000,4.264,8
1662426000000,4.737,9
1662512400000,5.038,13
1662598800000,5.074,11
1662685200000,5.366,8
1662771600000,5.123,4
1662858000000,5.351,8
1662944400000,5.378,6
1663030800000,5.238,7
1663117200000,5.016,2
1663203600000,4.5,3
1663290000000,4.477,8
1663376400000,4.845,4
1663462800000,4.37,2
1663549200000,4.869,7
1663635600000,4.5,8
1663722000000,4.753,9
1663808400000,4.567,7
1663894800000,4.729,4
1663981200000,4.692,10
1664067600000,4.735,8
1664154000000,4.566,6
1664240400000,4.414,7
1664326800000,4.679,25
1664413200000,4.853,11
1664499600000,4.821,11
1664586000000,5.006,6
1664672400000,5.154,11
1664758800000,4.717,10
1664845200000,5.18,12
1664931600000,5.318,6
1665018000000,2.898,2
1665104400000,4.738,5
1665190800000,4.391,3
1665277200000,4.728,8
1665363600000,4.768,13
1665450000000,4.973,7
1665536400000,4.455,8
1665622800000,4.654,15
1665709200000,4.747,4
1665795600000,4.578,14
1665882000000,4.78,18
1665968400000,4.959,8
1666054800000,4.978,9
1666141200000,4.83,10
1666227600000,5.122,3
1666314000000,5.076,9
1666400400000,4.926,9
1666486800000,5.027,8
1666573200000,4.944,6
1666659600000,4.845,6
1666746000000,4.898,13
1666832400000,5.355,12
1666918800000,5.013,1
1667005200000,5.034,6
1667091600000,5.007,12
1667178000000,5.116,13
1667264400000,5.113,8
1667350800000,5.35,24
1667437200000,5.771,33
1667523600000,5.913,7
1667610000000,6.595,4
1667696400000,5.94,8
1667782800000,6.222,4
1667869200000,6.085,7
1667955600000,6.415,4
1668042000000,5.154,4
1668128400000,5.643,6
1668214800000,5.599,11
1668301200000,5.831,18
1668387600000,6.115,6
1668474000000,6.378,7
1668560400000,5.909,5
1668646800000,5.671,7
1668733200000,5.638,4
1668819600000,5.108,12
1668906000000,5.585,12
1668992400000,5.162,8
1669078800000,5.438,5
1669165200000,5.023,5
1669251600000,5.119,3
1669338000000,4.588,1
1669424400000,5.113,3
1669510800000,4.996,6
1669597200000,4.953,5
1669683600000,4.982,5
1669770000000,4.973,7
1669856400000,5.019,6
1669942800000,5.159,8
1670029200000,5.259,9
1670115600000,5.17,1
1670202000000,5.372,2
1670288400000,5.451,3
1670374800000,4.938,5
1670461200000,5.07,12
1670547600000,5.021,4
1670634000000,4.903,3
1670720400000,5.102,4
1670806800000,5.14,6
1670893200000,5.214,11
1670979600000,5.209,9
1671066000000,4.955,6
1671152400000,4.888,7
1671238800000,5.115,12
1671325200000,5.307,2
1671411600000,4.98,7
1671498000000,4.808,11
1671584400000,4.937,2
1671670800000,4.678,11
1671757200000,4.819,3
1671843600000,4.609,7
1671930000000,4.791,7
1672016400000,4.852,7
1672102800000,5.16,13
1672189200000,5.187,16
1672275600000,5.361,15
1672362000000,5.583,1
1672448400000,5.01,7
1672534800000,4.754,5
1672621200000,5.161,10
1672707600000,5.037,2
1672794000000,4.855,13
1672880400000,5.334,13
1672966800000,4.714,2
1673053200000,5.351,15
1673139600000,5.352,6
1673226000000,5.554,10
1673312400000,5.874,14
1673398800000,5.498,4
1673485200000,5.258,3
1673571600000,5.737,5
1673658000000,5.219,11
1673744400000,5.756,6
1673830800000,5.475,5
1673917200000,5.207,1
1674003600000,5.413,4
1674090000000,5.816,5
1674176400000,5.828,5
1674262800000,5.425,3
1674349200000,5.544,6
1674435600000,5.825,5
1674522000000,5.867,6
1674608400000,5.605,6
1674694800000,5.632,4
1674781200000,5.909,8
1674867600000,5.912,16
1674954000000,6.219,4
1675040400000,6.215,5
1675126800000,6.075,5
1675213200000,6.292,12
1675299600000,5.639,9
1675386000000,6.527,17
1675472400000,6.497,11
1675558800000,5.925,3
1675645200000,6.176,7
1675731600000,6.058,7
1675818000000,5.848,7
1675904400000,6.157,3
1675990800000,5.632,9
1676077200000,5.927,9
1676163600000,5.941,11
1676250000000,5.865,6
1676336400000,5.587,7
1676422800000,6.002,3
1676509200000,5.679,10
1676595600000,5.14,1
1676682000000,6.061,8
1676768400000,5.97,3
1676854800000,6.209,4
1676941200000,6.244,6
1677027600000,6.186,5
1677114000000,5.524,4
1677200400000,5.332,4
1677286800000,5.507,6
1677373200000,5.635,11
1677459600000,5.58,1
1677546000000,6.051,11
1677632400000,6.137,5
1677718800000,5.992,2
1677805200000,5.996,8
1677891600000,6.373,13
1677978000000,6.031,6
1678064400000,5.754,10
1678150800000,5.697,16
1678237200000,5.468,11
1678323600000,5.815,5
1678410000000,5.994,13
1678496400000,6.199,12
1678582800000,6.592,8
1678669200000,6.391,7
1678755600000,6.528,8
1678842000000,6.698,8
1678928400000,6.069,16
1679014800000,6.088,7
1679101200000,6.014,20
1679187600000,6.079,4
1679274000000,5.681,9
1679360400000,6.113,10
1679446800000,5.919,14
1679533200000,5.652,14
1679619600000,5.365,11
1679706000000,5.478,8
1679792400000,5.632,24
1679878800000,6.03,40
1679965200000,6.684,19
1680051600000,6.855,18
1680138000000,6.681,9
1680224400000,7.305,13
1680310800000,7.33,6
1680397200000,6.883,14
1680483600000,6.599,13
1680570000000,6.468,13
1680656400000,6.929,34
1680742800000,7.076,10
1680829200000,7.069,14
1680915600000,7.306,17
1681002000000,6.342,11
1681088400000,6.215,17
1681174800000,6.409,9
1681261200000,6.633,13
1681347600000,6.365,8
1681434000000,6.855,10
1681520400000,6.722,14
1681606800000,6.838,19
1681693200000,7.556,12
1681779600000,6.917,10
1681866000000,7.204,18
1681952400000,7.43,16
1682038800000,7.201,9
1682125200000,7.488,20
1682211600000,6.8,8
1682298000000,6.693,3
1682337600000,6.963,1
1682348400000,6.177,1
1682362800000,6.27,1
1682366400000,6.9,3
1682370000000,6.453,2
1682377200000,6.92,4
1682384400000,6.18,2
1682391600000,6.94,1
1682395200000,6.18,1
1682406000000,6.935,1
1682409600000,5.937,1
1682424000000,6.937,1
1682431200000,5.94,1
1682434800000,6.849,4
1682442000000,6.937,4
1682449200000,6.904,1
1682452800000,5.95,1
1682456400000,6.955,2
1682470800000,7.007,3
1682485200000,7.033,2
1682488800000,7.043,1
1682514000000,7.128,1
1682517600000,7.14,1
1682532000000,7.018,2
1682535600000,7.474,1
1682557200000,6.898,1
1682564400000,7.17,1
1682568000000,7.43,3
1682614800000,6.466,2
1682625600000,6.52,1
1682672400000,5.97,1
1682694000000,6.06,3
1682708400000,6.755,1
1682712000000,6.78,6
1682715600000,7.017,1
1682722800000,7.096,2
1682737200000,7.407,1
1682758800000,7.449,1
1682780400000,7.449,2
1682784000000,7.285,1
1682798400000,7.491,1
1682802000000,7.489,5
1682812800000,7.489,3
1682827200000,7.416,1
1682830800000,7.003,1
1682838000000,7.485,1
1682863200000,7.489,1
1682877600000,7.372,1
1682881200000,7.499,1
1682899200000,6,1
1682935200000,5.94,1
1682938800000,6.581,1
1682942400000,6.624,1
1682956800000,6.391,1
1682967600000,6.502,2
1682982000000,6.52,1
1682989200000,7.28,1
1682992800000,7.421,2
1683018000000,7.5,4
1683039600000,7.558,3
1683057600000,6.714,2
1683061200000,7.339,2
1683079200000,7.36,2
1683111600000,7.32,1
1683115200000,6.3,1
1683133200000,7.187,1
1683151200000,7.188,1
1683162000000,7.179,1
1683165600000,6.3,1
1683176400000,7.31,1
1683194400000,7.17,1
1683198000000,5.916,1
1683216000000,6.906,1
1683234000000,7.317,2
1683237600000,7.294,1
1683241200000,7.3,1
1683252000000,6.292,2
1683259200000,6.25,1
1683262800000,6.3,2
1683270000000,5.519,1
1683273600000,6.181,1
1683288000000,6.604,2
1683302400000,6.602,2
1683327600000,6.221,1
1683334800000,6.221,1
1683342000000,6.198,2
1683345600000,6.255,4
1683349200000,5.37,1
1683356400000,5.508,1
1683367200000,6.473,1
1683374400000,6.47,1
1683378000000,5.303,3
1683385200000,6.485,2
1683388800000,4.997,2
1683396000000,5.473,2
1683399600000,5.749,1
1683403200000,6.492,1
1683432000000,5.997,1
1683450000000,6.377,1
1683478800000,5.496,1
1683482400000,5.518,1
1683486000000,5.769,1
1683496800000,5.582,2
1683500400000,6.17,2
1683514800000,5.529,2
1683522000000,6.35,1
1683532800000,5.36,3
1683554400000,6.122,1
1683558000000,6.359,4
1683561600000,5.201,1
1683565200000,6.458,5
1683568800000,6.6,1
1683576000000,6.59,5
1683579600000,6.642,1
1683583200000,6.539,1
1683586800000,6.713,1
1683594000000,5.837,2
1683601200000,5.84,1
1683640800000,6.451,1
1683651600000,6.132,2
1683655200000,6.451,1
1683666000000,6.598,1
1683709200000,6.068,3
1683727200000,6.552,1
1683756000000,6.375,5
1683792000000,6.566,2
1683835200000,6.604,1
1683864000000,6.506,4
1683871200000,5.82,1
1683903600000,6.529,1
1683918000000,6.533,2
1683928800000,6.509,1
1683932400000,6.507,2
1683936000000,5.509,1
1683939600000,6.515,4
1683968400000,6.5,1
1683986400000,6.397,2
1684018800000,6.515,7
1684080000000,6.504,1
1684083600000,6.5,7
1684098000000,6.504,1
1684112400000,6.509,4
1684123200000,6.555,2
1684141200000,5.93,1
1684148400000,6.575,4
1684177200000,6.691,2
1684180800000,6.769,1
1684184400000,6.785,1
1684188000000,6.836,1
1684191600000,6.689,1
1684195200000,6.97,3
1684198800000,7.281,3
1684206000000,7.392,1
1684220400000,6.52,1
1684227600000,6.252,1
1684249200000,6.55,4
1684256400000,7.467,4
1684267200000,7.471,2
1684278000000,6.18,1
1684285200000,7.477,1
1684296000000,7.495,1
1684299600000,6.18,2
1684303200000,7.485,1
1684314000000,7.499,1
1684332000000,6.859,2
1684350000000,6.526,2
1684368000000,7.448,2
1684375200000,7.456,1
1684382400000,7.405,1
1684418400000,6.734,2
1684432800000,6.13,1
1684436400000,6.468,1
1684440000000,6.467,2
1684443600000,6.814,1
1684447200000,7.224,2
1684472400000,7.212,3
1684486800000,6.663,2
1684490400000,7.224,2
1684494000000,7.224,1
1684497600000,6.609,1
1684501200000,6.08,2
1684504800000,7.322,1
1684544400000,7.17,4
1684548000000,7.407,1
1684555200000,7.405,1
1684562400000,7.41,3
1684594800000,7.431,3
1684609200000,7.47,2
1684627200000,7.343,1
1684638000000,7.379,1
1684663200000,6.879,1
1684674000000,7.401,1
1684677600000,7.397,4
1684681200000,7.472,1
1684684800000,6.278,1
1684688400000,6.28,1
1684702800000,6.588,1
1684710000000,7.24,2
1684713600000,7.343,3
1684720800000,7.279,1
1684731600000,7.5,1
1684782000000,6.32,1
1684785600000,7.01,1
1684789200000,7.01,1
1684800000000,7.103,4
1684807200000,7.05,1
1684825200000,7.5,2
1684846800000,7.48,5
1684854000000,7.304,1
1684879200000,6.34,1
1684890000000,7.304,5
1684893600000,7.265,1
1684897200000,7.521,1
